Column 1,Column 2,Column 3,Column 4,Column 5
984 €/m,"block of flats, 48 m²",2H + KT,"Espoo
    , Kilo 
 
    , Kilonportti 2 A",Available from 12/1/21
770 €/m,"balcony access block, 53 m²",2h + k + lasit. p,"Espoo
    , Kivenlahti 
 
    , Merivirta 11",Available immediately
780 €/m,"block of flats, 33 m²",1h + kt + alk + lasit. p,"Espoo
    , Kivenlahti 
 
    , Marinportti 5",Available from 1/1/22
920 €/m,"block of flats, 61 m²",2h + k + lasit. p,"Espoo
    , Matinkylä 
 
    , Matinkatu 24",Available from 1/1/22
"1,600 €/m","block of flats, 124 m²",5h + k + p,"Espoo
    , Kuitinmäki 
 
    , Kääntöpiiri 2",Available on agreement
690 €/m,"block of flats, 30.5 m²",1h+avok+kph+lasit. p,"Espoo
    , Saunalahti 
 
    , Linjaloistonkatu 7 A",Available from 1/1/22
"1,175 €/m","block of flats, 67 m²",3h+avok+kph+s+lp,"Espoo
    , Tuomarila 
 
    , Kulovalkeantie 19 B",Available from 12/1/21
690 €/m,"block of flats, 28 m²",1h + ak + p,"Espoo
    , Saunalahti 
 
    , Kummelivuorentie 10",Available from 12/1/21
"1,125 €/m","block of flats, 60 m²",3h+kt+parv,"Espoo
    , Kilo 
 
    , Multahaankuja 6 B",Available from 1/1/22
"1,150 €/m","block of flats, 63 m²",3h+kt,"Espoo
    , Saunalahti 
 
    , Tyyrpuuri 4 B",Available from 1/1/22
"1,628 €/m","block of flats, 80 m²",4h+k+s,"Espoo
    , Mäkkylä 
 
    , Adjutantinkatu 3 C",Available from 1/1/22
"1,195 €/m","block of flats, 61 m²",3h+kk+s,"Espoo
    , Mäkkylä 
 
    , Adjutantinkatu 3 B",Available from 1/1/22
961 €/m,"block of flats, 52 m²",2H+KT,"Espoo
    , Saunalahti 
 
    , Reelinkikatu 2",Available from 1/1/22
965 €/m,"block of flats, 49 m²",2H+KK,"Espoo
    , Pohjois-Tapiola 
 
    , Tietäjäntie 3",Available from 12/1/21
"1,285 €/m","block of flats, 89 m²",4H+K,"Espoo
    , Kivenlahti 
 
    , Jälkimaininki 4",Available immediately
680 €/m,"block of flats, 28.5 m²",1h + kk + parveke + s,"Espoo
    , Leppävaara 
 
    , Ruutikatu 8",Available from 1/1/22
"1,100 €/m","block of flats, 73 m²",3h + k + p,"Espoo
    , Suvela 
 
    , Kirstintie 3",Available immediately
770 €/m,"block of flats, 31 m²",1h+kt,"Espoo
    , Vermonniitty 
 
    , Anna Sahlsténin katu 10",Available from 1/3/22
"1,262 €/m","block of flats, 75 m²",3h+kt,"Espoo
    , Suurpelto 
 
    , Piilipuuntie 15 C",Available from 12/1/21
"1,150 €/m","block of flats, 59 m²",3h+kt,"Espoo
    , Vermonniitty 
 
    , Anna Sahlsténin katu 10",Available from 1/3/22
798 €/m,"block of flats, 34 m²",1H+KT,"Espoo
    , Kivenlahti 
 
    , Marinkallio 6",Available from 1/1/22
860 €/m,"block of flats, 34 m²",1H+KT,"Espoo
    , Niittykumpu 
 
    , Niittykummuntie 12",Available from 4/1/22
900 €/m,"block of flats, 52 m²",2h + k,"Espoo
    , Tapiola 
 
    , Jousenkaari 9",Available from 12/1/21
850 €/m,"block of flats, 55 m²",2h + k + lasit. p s,"Espoo
    , Suvela 
 
    , Joupinmäenrinne 3",Available immediately
"1,870 €/m","block of flats, 100.5 m²",5h+k+s,"Espoo
    , Mäkkylä 
 
    , Adjutantinkatu 3 A",Available from 1/1/22
"1,208.27 €/m","block of flats, 72 m²",3h+k+s,"Espoo
    , Kilo 
 
    , Ruotutorppa 8 B",Available from 1/1/22
699 €/m,"block of flats, 26.2 m²",1h+kk,"Espoo
    , Viherlaakso 
 
    , Viherlaaksonranta 7 F",Available from 1/1/22
959 €/m,"block of flats, 46 m²",2h+kk+s,"Espoo
    , Matinkylä 
 
    , Nelikkokuja 12 A",Available from 1/1/22
839 €/m,"block of flats, 33.5 m²",1h+k,"Espoo
    , Matinkylä 
 
    , Matinniitynkuja 8 C",Available from 1/1/22
720 €/m,"balcony access block, 24 m²",1h + kt + parvi,"Espoo
    , Kauklahti 
 
    , Bassenkuja 1",Available from 12/1/21
720 €/m,"block of flats, 24 m²",1h + ak + p,"Espoo
    , Kauklahti 
 
    , Bassenkuja 1",Available from 12/1/21
719 €/m,"block of flats, 21 m²",1h+kk,"Espoo
    , Tapiola 
 
    , Jousenkaari 5 A",Available from 1/1/22
899 €/m,"block of flats, 51 m²",2h+kk+s,"Espoo
    , Soukka 
 
    , Soukankaari 12 A",Available from 1/1/22
"1,250 €/m","block of flats, 68 m²",3H+KT+S+terassiparveke,"Espoo
    , Vermonniitty 
 
    , Runoratsunkatu 1",Available immediately
"1,495 €/m","block of flats, 93 m²",4H+K+S,"Espoo
    , Leppävaara 
 
    , Postipuuntie 10",Available from 12/15/21
899 €/m,"block of flats, 51 m²",2h+kk+s,"Espoo
    , Soukka 
 
    , Soukankaari 12 C",Available from 2/1/22
750 €/m,"block of flats, 45 m²",2 H + K+ Parveke,"Espoo
    , Tapiola 
 
    , Hakamäki 2 A",Available immediately
"1,199 €/m","block of flats, 60.5 m²",3h+kt,"Espoo
    , Niittykumpu 
 
    , Merituulentie 38 A",Available from 12/1/21
"1,429 €/m","block of flats, 73 m²",3h+kt+s,"Espoo
    , Leppävaara 
 
    , Runoratsunkatu 5 A",Available from 1/1/22
926 €/m,"block of flats, 46 m²",2H+KK+S,"Espoo
    , Tiistilä 
 
    , KALAONNENTIE 3 B",Available from 1/1/22
"1,007 €/m","block of flats, 55 m²",2h+kt+s,"Espoo
    , Kauklahti 
 
    , Lindankuja 2",Available immediately
931 €/m,"block of flats, 53 m²",2h+kt+s,"Espoo
    , Kilo 
 
    , Nihtitorpankuja 5",Available from 12/1/21
"1,148 €/m","block of flats, 74.5 m²",3H+K,"Espoo
    , Matinkylä 
 
    , Tiistilänkuja 1",Available from 1/1/22
"1,329 €/m","block of flats, 97 m²",4h+k,"Espoo
    , Karakallio 
 
    , Kotkatie 6 A",Available from 1/1/22
895 €/m,"block of flats, 49.2 m²",2 h + k + kylpyhuone + parveke,"Espoo
    , Tapiola 
 
    , Riistapolku 2",Available from 1/1/22
986.36 €/m,"block of flats, 57 m²",2h+k+s+parv,"Espoo
    , Tuomarila 
 
    , Kulovalkeantie 12 B",Available from 1/1/22
875 €/m,"block of flats, 49.5 m²",2H+KK,"Espoo
    , Suvela 
 
    , Kirstintie 17",Available from 1/1/22
641.51 €/m,"block of flats, 41.5 m²",2H+KK,"Espoo
    , Suurpelto 
 
    , Maakirjantie 2",Available from 12/10/21
"1,120 €/m","block of flats, 60 m²",3h+k+s,"Espoo
    , Tillinmäki 
 
    , Vesipirtintie 4",Available from 1/3/22
936 €/m,"block of flats, 47 m²",2h+kt+s,"Espoo
    , Tuomarila 
 
    , Kulovalkeantie 19 C",Available immediately
845 €/m,"block of flats, 43 m²",2h+kt,"Espoo
    , Tillinmäki 
 
    , Vesipirtintie 4",Available from 1/3/22
"1,495 €/m","semi-detached house, 90 m²",4+1,"Espoo
    , Laaksolahti 
 
    , Laaksolahdentie 58",Available from 12/31/21
930 €/m,"block of flats, 50 m²",2h + k,"Espoo
    , Saunalahti 
 
    , Magneettikatu 5",Available from 12/5/21
819.53 €/m,"block of flats, 74.5 m²",3H+K+S,"Espoo
    , Gumböle 
 
    , Hirvisuontie 5 A 10",Available from 12/27/21
526.14 €/m,"block of flats, 33 m²",1H+KT+ALK,"Espoo
    , Saunalahti 
 
    , Reelinkikatu 4 B 50",Available from 3/1/22
"1,064.28 €/m","row house, 91.5 m²",3H+KK+ASK+S,"Espoo
    , Niipperi 
 
    , Suopurontie 3 D 09",Available from 5/1/22
870 €/m,"block of flats, 48 m²",2h+kk,"Espoo
    , Kilo 
 
    , Vanharaide 3 C",Available from 1/1/22
791 €/m,"block of flats, 28.5 m²",1h+kt+p,"Espoo
    , Olari 
 
    , Ylismäentie 12",Available immediately
912 €/m,"block of flats, 40.5 m²",2h+kt+ransk,"Espoo
    , Olari 
 
    , Ylismäentie 12",Available immediately
768 €/m,"block of flats, 26 m²",1h+kt+p,"Espoo
    , Olari 
 
    , Ylismäentie 12",Available immediately
958 €/m,"block of flats, 49.5 m²",2H+KT,"Espoo
    , Kilo 
 
    , Nihtitorpankuja 3",Available from 1/1/22
770 €/m,"block of flats, 34 m²","1h, kt, alk, kph, iso lsit. pa...","Espoo
    , Niittykumpu 
 
    , Niittytaival 5",Available immediately
763.8 €/m,"block of flats, 50 m²",2H+K,"Espoo
    , Ymmersta 
 
    , Ullantorppa 2",Available from 1/1/22
"1,145 €/m","block of flats, 78 m²",3h+k+s,"Espoo
    , Nöykkiö 
 
    , Eestintaival 3 D",Available from 1/1/22
848 €/m,"block of flats, 42.5 m²",2H+KK,"Espoo
    , Espoon keskus 
 
    , Asemakuja 1",Available from 1/1/22
"1,210 €/m","block of flats, 76.5 m²",3H+K+S,"Espoo
    , Ymmersta 
 
    , Ullantorpantie 3",Available from 1/1/22
"1,010 €/m","block of flats, 72 m²",3H+K,"Espoo
    , Karakallio 
 
    , Kalasääksentie 6",Available from 1/1/22
820 €/m,"block of flats, 33.5 m²",1h+kt,"Espoo
    , Mankkaa 
 
    , Klovinportti 2",Available from 1/3/22
"1,029 €/m","block of flats, 55 m²",2h+kt,"Espoo
    , Leppävaara 
 
    , Armas Launiksen katu 1",Available from 1/3/22
707 €/m,"block of flats, 30.5 m²",1h+kt+alk.,"Espoo
    , Saunalahti 
 
    , Linjaloistonkatu 5",Available from 1/3/22
"1,095 €/m","block of flats, 51 m²",2h+kt,"Espoo
    , Leppävaara 
 
    , Linnatullinkatu 1",Available immediately
"1,096 €/m","block of flats, 66 m²",3h+kk+s,"Espoo
    , Suurpelto 
 
    , Piilipuuntie 21 A",Available from 3/1/22
930 €/m,"block of flats, 53.5 m²",2h+kt+s,"Espoo
    , Espoonlahti 
 
    , Ulappakatu 1",Available immediately
"1,335.12 €/m","row house, 104.5 m²",5h+k+s,"Espoo
    , Kilo 
 
    , Kilonrinne 5",Available from 2/4/22
"1,680 €/m","block of flats, 78.5 m²",4H+KT,"Espoo
    , Niittykumpu 
 
    , Niittykummuntie 12",Available from 4/1/22
980 €/m,"block of flats, 45.5 m²",2H+KT,"Espoo
    , Niittykumpu 
 
    , Niittykummuntie 12",Available from 4/1/22
"1,410 €/m","block of flats, 68 m²",3H+KT,"Espoo
    , Niittykumpu 
 
    , Niittykummuntie 12",Available from 4/1/22
970 €/m,"block of flats, 45 m²",2H+KT,"Espoo
    , Niittykumpu 
 
    , Niittykummuntie 12",Available from 4/1/22
880 €/m,"block of flats, 34 m²",1H+KT,"Espoo
    , Niittykumpu 
 
    , Niittykummuntie 12",Available from 4/1/22
880 €/m,"block of flats, 34 m²",1H+KT,"Espoo
    , Niittykumpu 
 
    , Niittykummuntie 12",Available from 4/1/22
910 €/m,"block of flats, 34 m²",1H+KT,"Espoo
    , Niittykumpu 
 
    , Niittykummuntie 12",Available from 4/1/22
970 €/m,"block of flats, 45 m²",2H+KT,"Espoo
    , Niittykumpu 
 
    , Niittykummuntie 12",Available from 4/1/22
800 €/m,"semi-detached house, 50 m²",1h+oh+k+kph,"Espoo
    , Friisilä 
 
    , Tähdenlennonkuja",Available immediately
"1,390 €/m","block of flats, 68 m²",3H+KT,"Espoo
    , Niittykumpu 
 
    , Niittykummuntie 12",Available from 4/1/22
"1,071 €/m","block of flats, 53.5 m²",2H+KT+S,"Espoo
    , Vermonniitty 
 
    , Uuno Kailaan katu 5",Available from 1/1/22
940 €/m,"block of flats, 45 m²",2H+KT,"Espoo
    , Niittykumpu 
 
    , Niittykummuntie 12",Available from 4/1/22
969 €/m,"block of flats, 54.5 m²",2H+KT,"Espoo
    , Saunalahti 
 
    , Reelinkikatu 2",Available from 1/1/22
"1,600 €/m","block of flats, 78.5 m²",4H+KT,"Espoo
    , Niittykumpu 
 
    , Niittykummuntie 12",Available from 4/1/22
"1,640 €/m","block of flats, 78.5 m²",4H+KT,"Espoo
    , Niittykumpu 
 
    , Niittykummuntie 12",Available from 4/1/22
"1,350 €/m","block of flats, 63.5 m²",3H+KT,"Espoo
    , Niittykumpu 
 
    , Niittykummuntie 12",Available from 4/1/22
855 €/m,"block of flats, 34 m²",1H+KT,"Espoo
    , Niittykumpu 
 
    , Niittykummuntie 12",Available from 4/1/22
875 €/m,"block of flats, 34 m²",1H+KT,"Espoo
    , Niittykumpu 
 
    , Niittykummuntie 12",Available from 4/1/22
855 €/m,"block of flats, 34 m²",1H+KT,"Espoo
    , Niittykumpu 
 
    , Niittykummuntie 12",Available from 4/1/22
"1,315 €/m","block of flats, 63.5 m²",3H+KT,"Espoo
    , Niittykumpu 
 
    , Niittykummuntie 12",Available from 4/1/22
940 €/m,"block of flats, 45 m²",2H+KT,"Espoo
    , Niittykumpu 
 
    , Niittykummuntie 12",Available from 4/1/22
"1,310 €/m","block of flats, 63.5 m²",3H+KT,"Espoo
    , Niittykumpu 
 
    , Niittykummuntie 12",Available from 4/1/22
850 €/m,"block of flats, 34 m²",1H+KT,"Espoo
    , Niittykumpu 
 
    , Niittykummuntie 12",Available from 4/1/22
945 €/m,"block of flats, 45 m²",2H+KT,"Espoo
    , Niittykumpu 
 
    , Niittykummuntie 12",Available from 4/1/22
880 €/m,"block of flats, 34 m²",1H+KT,"Espoo
    , Niittykumpu 
 
    , Niittykummuntie 12",Available from 4/1/22
"1,380 €/m","block of flats, 68 m²",3H+KT,"Espoo
    , Niittykumpu 
 
    , Niittykummuntie 12",Available from 4/1/22
935 €/m,"block of flats, 45.5 m²",2H+KT,"Espoo
    , Niittykumpu 
 
    , Niittykummuntie 12",Available from 4/1/22
895 €/m,"block of flats, 34 m²",1H+KT,"Espoo
    , Niittykumpu 
 
    , Niittykummuntie 12",Available from 4/1/22
850 €/m,"block of flats, 34 m²",1H+KT,"Espoo
    , Niittykumpu 
 
    , Niittykummuntie 12",Available from 4/1/22
"1,620 €/m","block of flats, 78.5 m²",4H+KT,"Espoo
    , Niittykumpu 
 
    , Niittykummuntie 12",Available from 4/1/22
955 €/m,"block of flats, 45 m²",2H+KT,"Espoo
    , Niittykumpu 
 
    , Niittykummuntie 12",Available from 4/1/22
945 €/m,"block of flats, 45 m²",2H+KT,"Espoo
    , Niittykumpu 
 
    , Niittykummuntie 12",Available from 4/1/22
"1,610 €/m","block of flats, 78.5 m²",4H+KT,"Espoo
    , Niittykumpu 
 
    , Niittykummuntie 12",Available from 4/1/22
845 €/m,"block of flats, 34 m²",1H+KT,"Espoo
    , Niittykumpu 
 
    , Niittykummuntie 12",Available from 4/1/22
865 €/m,"block of flats, 34 m²",1H+KT,"Espoo
    , Niittykumpu 
 
    , Niittykummuntie 12",Available from 4/1/22
955 €/m,"block of flats, 45 m²",2H+KT,"Espoo
    , Niittykumpu 
 
    , Niittykummuntie 12",Available from 4/1/22
948 €/m,"block of flats, 45 m²",2H+KT,"Espoo
    , Niittykumpu 
 
    , Niittykummuntie 12",Available from 4/1/22
940 €/m,"block of flats, 45.5 m²",2H+KT,"Espoo
    , Niittykumpu 
 
    , Niittykummuntie 12",Available from 4/1/22
"1,320 €/m","block of flats, 63.5 m²",3H+KT,"Espoo
    , Niittykumpu 
 
    , Niittykummuntie 12",Available from 4/1/22
"1,370 €/m","block of flats, 68 m²",3H+KT,"Espoo
    , Niittykumpu 
 
    , Niittykummuntie 12",Available from 4/1/22
950 €/m,"block of flats, 45.5 m²",2H+KT,"Espoo
    , Niittykumpu 
 
    , Niittykummuntie 12",Available from 4/1/22
885 €/m,"block of flats, 34 m²",1H+KT,"Espoo
    , Niittykumpu 
 
    , Niittykummuntie 12",Available from 4/1/22
865 €/m,"block of flats, 34 m²",1H+KT,"Espoo
    , Niittykumpu 
 
    , Niittykummuntie 12",Available from 4/1/22
"1,305 €/m","block of flats, 63.5 m²",3H+KT,"Espoo
    , Niittykumpu 
 
    , Niittykummuntie 12",Available from 4/1/22
"1,325 €/m","block of flats, 63.5 m²",3H+KT,"Espoo
    , Niittykumpu 
 
    , Niittykummuntie 12",Available from 4/1/22
860 €/m,"block of flats, 34 m²",1H+KT,"Espoo
    , Niittykumpu 
 
    , Niittykummuntie 12",Available from 4/1/22
950 €/m,"block of flats, 45 m²",2H+KT,"Espoo
    , Niittykumpu 
 
    , Niittykummuntie 12",Available from 4/1/22
950 €/m,"block of flats, 45 m²",2H+KT,"Espoo
    , Niittykumpu 
 
    , Niittykummuntie 12",Available from 4/1/22
955 €/m,"block of flats, 45.5 m²",2H+KT,"Espoo
    , Niittykumpu 
 
    , Niittykummuntie 12",Available from 4/1/22
"1,650 €/m","block of flats, 78.5 m²",4H+KT,"Espoo
    , Niittykumpu 
 
    , Niittykummuntie 12",Available from 4/1/22
948 €/m,"block of flats, 45.5 m²",2H+KT,"Espoo
    , Niittykumpu 
 
    , Niittykummuntie 12",Available from 4/1/22
890 €/m,"block of flats, 34 m²",1H+KT,"Espoo
    , Niittykumpu 
 
    , Niittykummuntie 12",Available from 4/1/22
948 €/m,"block of flats, 45 m²",2H+KT,"Espoo
    , Niittykumpu 
 
    , Niittykummuntie 12",Available from 4/1/22
840 €/m,"block of flats, 34 m²",1H+KT,"Espoo
    , Niittykumpu 
 
    , Niittykummuntie 12",Available from 4/1/22
870 €/m,"block of flats, 34 m²",1H+KT,"Espoo
    , Niittykumpu 
 
    , Niittykummuntie 12",Available from 4/1/22
845 €/m,"block of flats, 34 m²",1H+KT,"Espoo
    , Niittykumpu 
 
    , Niittykummuntie 12",Available from 4/1/22
840 €/m,"block of flats, 34 m²",1H+KT,"Espoo
    , Niittykumpu 
 
    , Niittykummuntie 12",Available from 4/1/22
"1,630 €/m","block of flats, 78.5 m²",4H+KT,"Espoo
    , Niittykumpu 
 
    , Niittykummuntie 12",Available from 4/1/22
"1,385 €/m","block of flats, 68 m²",3H+KT,"Espoo
    , Niittykumpu 
 
    , Niittykummuntie 12",Available from 4/1/22
945 €/m,"block of flats, 45.5 m²",2H+KT,"Espoo
    , Niittykumpu 
 
    , Niittykummuntie 12",Available from 4/1/22
830.65 €/m,"block of flats, 45 m²",2h+kt,"Espoo
    , Tapiola 
 
    , Jousenpuistonkatu 9",Available from 12/1/21
"1,238 €/m","block of flats, 56 m²",3H+KT,"Espoo
    , Niittykumpu 
 
    , Koivu-Mankkaan tie 1",Available from 1/1/22
"1,054 €/m","block of flats, 52 m²",2H+KT+S,"Espoo
    , Saunalahti 
 
    , Saunalahdenkatu 2",Available from 1/1/22
"1,300 €/m","block of flats, 63.5 m²",3H+KT,"Espoo
    , Niittykumpu 
 
    , Niittykummuntie 12",Available from 4/1/22
935 €/m,"block of flats, 45 m²",2H+KT,"Espoo
    , Niittykumpu 
 
    , Niittykummuntie 12",Available from 4/1/22
935 €/m,"block of flats, 45 m²",2H+KT,"Espoo
    , Niittykumpu 
 
    , Niittykummuntie 12",Available from 4/1/22
830 €/m,"block of flats, 34 m²",1H+KT,"Espoo
    , Niittykumpu 
 
    , Niittykummuntie 12",Available from 4/1/22
930 €/m,"block of flats, 45.5 m²",2H+KT,"Espoo
    , Niittykumpu 
 
    , Niittykummuntie 12",Available from 4/1/22
930 €/m,"block of flats, 45 m²",2H+KT,"Espoo
    , Niittykumpu 
 
    , Niittykummuntie 12",Available from 4/1/22
830 €/m,"block of flats, 34 m²",1H+KT,"Espoo
    , Niittykumpu 
 
    , Niittykummuntie 12",Available from 4/1/22
930 €/m,"block of flats, 45 m²",2H+KT,"Espoo
    , Niittykumpu 
 
    , Niittykummuntie 12",Available from 4/1/22
860 €/m,"block of flats, 34 m²",1H+KT,"Espoo
    , Niittykumpu 
 
    , Niittykummuntie 12",Available from 4/1/22
838 €/m,"block of flats, 31 m²",1H+KT,"Espoo
    , Niittykumpu 
 
    , Niittykatu 15",Available from 1/1/22
"1,015 €/m","block of flats, 63 m²",2H+K,"Espoo
    , Soukka 
 
    , Soukanahde 4",Available from 1/1/22
"1,050 €/m","block of flats, 51.5 m²",2H+KT,"Espoo
    , Kivenlahti 
 
    , Marinkallio 8",Available from 1/1/22
800 €/m,"block of flats, 85 m²",3h+k+kph+s+wc+vh+lasitettu par,"Espoo
    , Olari 
 
    , Kuunsäde 10 B",Available from 1/1/22
725 €/m,"block of flats, 27 m²",1h + kt + kph + pikkuparveke,"Espoo
    , Leppävaara 
 
    , Mestarinkatu 5 A 4",Available from 12/31/21
900 €/m,"block of flats, 45.5 m²",2h+kk+kph+las.parv.,"Espoo
    , Kilo 
 
    , Kilonkuja 3 A",Available immediately
780 €/m,"block of flats, 33 m²",1h + kt + alk + lasit. p,"Espoo
    , Kivenlahti 
 
    , Marinportti 5",Available from 1/1/22
"1,050 €/m","block of flats, 81.5 m²",3h+k+kph+lasitettu parveke,"Espoo
    , Espoonlahti 
 
    , Ruorimiehenkatu 3 B",Available immediately
"1,169 €/m","block of flats, 74.5 m²",3h+k,"Espoo
    , Kilo 
 
    , Lansantie 3 D",Available from 1/1/22
"1,495 €/m","block of flats, 81.5 m²",4h+k+s,"Espoo
    , Leppävaara 
 
    , Zanseninkuja 6 A",Available from 1/1/22
869 €/m,"block of flats, 50.5 m²",2h+kk,"Espoo
    , Soukka 
 
    , Soukankaari 11 B",Available from 1/1/22
"1,560 €/m","block of flats, 92 m²",4h+kt+s,"Espoo
    , Kivenlahti 
 
    , Marinportti 3",Available from 1/1/22
543 €/m,"block of flats, 12 m²",Omahuone,"Espoo
    , Kivenlahti 
 
    , Aallonhuippu 4",Available from 12/8/21
775 €/m,"block of flats, 45 m²",2h + avok + kph + parveke,"Espoo
    , Kilo 
 
    , Nuijavuori 1","Available from 12/19/21|Display 12/11/21 
                  
                    1:00 PM"
785 €/m,"block of flats, 27 m²",1H + k,"Espoo
    , Niittykumpu 
 
    , Niittykuja 2",Available from 1/1/22
"1,188 €/m","block of flats, 47.5 m²","2h, avok, s, kph, las. parv","Espoo
    , Leppävaara 
 
    , Kauppamiehentie 4 B",Available immediately
850 €/m,"block of flats, 35.5 m²",2h+avok+kph+vh+lasitettu teras,"Espoo
    , Olari 
 
    , Kalliolähteentie 5 C",Available from 1/1/22
792 €/m,"block of flats, 33 m²",1h+alk+kk+kph+ransk.p,"Espoo
    , Tapiola 
 
    , Mäntyviita 4 A",Available immediately
700 €/m,"semi-detached house, 46 m²",1h +keittiö + makuualkovi.,"Espoo
    , Espoonlahti 
 
    , Näkinkaari 10 B, 02320 Espoo",Available immediately
"1,060.49 €/m","row house, 96 m²",4h+k+s,"Espoo
    , Karhusuo 
 
    , Pihkametsä 8",Available from 1/6/22
543 €/m,"block of flats, 17 m²","Omahuone, ak, jaettu kph, yhte","Espoo
    , Kuninkainen 
 
    , Herttuantie 4",Available from 12/3/21
"1,523 €/m","block of flats, 49 m²","2h, k, kph, s, wc","Espoo
    , Leppävaara 
 
    , Porarinkatu 3",Available from 12/3/21
425 €/m,"block of flats, 10 m²","1h, 1yhteisk, jaettu kph","Espoo
    , Kilo 
 
    , Kutojantie 10",Available from 12/15/21
"2,188 €/m","block of flats, 78 m²",,"Espoo
    , Espoonlahti 
 
    , Puosunrinne 6",Available from 12/31/21
810 €/m,"block of flats, 37 m²",Kalustettu 2h+avok+terassi,"Espoo
    , Kiltakallio 
 
    , Valakuja2",Available on agreement
"1,359 €/m","block of flats, 73.5 m²",3h+kt+s,"Espoo
    , Leppävaara 
 
    , Runoratsunkatu 5 A",Available from 12/24/21
"1,099 €/m","block of flats, 67.5 m²",3h+k,"Espoo
    , Matinkylä 
 
    , Kala-Matti 3 A",Available from 2/1/22
879 €/m,"block of flats, 41 m²",1h+k,"Espoo
    , Tapiola 
 
    , Kaskenkaatajantie 5 C",Available from 1/1/22
"1,238 €/m","block of flats, 62 m²",2h+k+s,"Espoo
    , Leppävaara 
 
    , Rummunlyöjänkatu 11 D",Available from 1/1/22
678 €/m,"block of flats, 31.5 m²",1h+avok+kph+alkovi+lasitettu p,"Espoo
    , Espoon keskus 
 
    , Reviisorinkatu 8 A",Available from 1/1/22
675 €/m,"block of flats, 26.5 m²",1h+avok.+kph+ransk.p,"Espoo
    , Vermonniitty 
 
    , Kaarlo Sarkian katu 10 B",Available immediately
675 €/m,"balcony access block, 28.5 m²","1h,kt","Espoo
    , Järvenperä 
 
    , Viljatullintie 2-4",Available from 1/1/22
675 €/m,"balcony access block, 28.5 m²","1h,kt","Espoo
    , Järvenperä 
 
    , Viljatullintie 2-4",Available from 12/1/21
950 €/m,"block of flats, 43 m²",2h+kt,"Espoo
    , Matinkylä 
 
    , Matinkatu 22",Available from 12/15/21
760 €/m,"block of flats, 30.5 m²",1h+kt+kph+terassi,"Espoo
    , Matinkylä 
 
    , Matinkatu (Kaisankuja 1) 22",
933.42 €/m,"block of flats, 48 m²",2h+k+s+parv,"Espoo
    , Matinkylä 
 
    , Matinkallio 2",Available immediately
651.95 €/m,"block of flats, 46 m²",2 h + kt,"Espoo
    , Vermonniitty 
 
    , Kaarlo Sarkian katu 6",Available from 1/1/22
829 €/m,"block of flats, 27.5 m²",1h+kt+var+ransk.,"Espoo
    , Leppävaara 
 
    , Tulkinkuja 3",Available immediately
"1,245.32 €/m","block of flats, 70 m²",3h+k+kh+vh+parv,"Espoo
    , Tapiola 
 
    , Keijuniityntie 3",Available immediately
"1,323.38 €/m","block of flats, 72.5 m²",3h+k+s,"Espoo
    , Leppävaara 
 
    , Leppävaarankatu 17",Available from 12/1/21
"1,038.47 €/m","block of flats, 59 m²",2h+k+s+parv,"Espoo
    , Tuomarila 
 
    , Kulovalkeantie 12 A",Available immediately
"1,548 €/m","block of flats, 100 m²",4h+rt+k+kph+s+lp,"Espoo
    , Viherlaakso 
 
    , Rajamännynkuja 3 C",Available immediately
668 €/m,"block of flats, 33 m²",1h+kk+kph+vh,"Espoo
    , Mäkkylä 
 
    , Sotarovastintie 9 B",Available immediately
"1,035 €/m","block of flats, 50 m²",1h+kt+parveke,"Espoo
    , Leppävaara 
 
    , Linnatullinkatu 1",Available immediately
995 €/m,"block of flats, 51 m²",2h+kt,"Espoo
    , Leppävaara 
 
    , Linnatullinkatu 1",Available immediately
"1,195 €/m","block of flats, 77.5 m²",3h+k,"Espoo
    , Soukka 
 
    , Soukankaari 5 A",Available from 1/1/22
950 €/m,"block of flats, 44.5 m²",2h+kk,"Espoo
    , Leppävaara 
 
    , Linnatullinkatu 1",Available immediately
"1,195 €/m","block of flats, 65 m²",3h+kt,"Espoo
    , Saunalahti 
 
    , Magneettikatu 8 A",Available from 1/1/22
"1,045 €/m","block of flats, 47.5 m²",2h+kt,"Espoo
    , Niittykumpu 
 
    , Haukilahdenkatu 1 A",Available from 1/1/22
827 €/m,"block of flats, 45.5 m²",2h+kt,"Espoo
    , Suurpelto 
 
    , Henttaan puistokatu 8 A",Available from 1/1/22
720 €/m,"block of flats, 28 m²",1h+avok+kph+lp,"Espoo
    , Pohjois-Tapiola 
 
    , Tietäjäntie 4 B",Available from 12/1/21
"1,099 €/m","block of flats, 56 m²",2h+kt,"Espoo
    , Niittykumpu 
 
    , Merituulentie 38 A",Available from 1/1/22
730 €/m,"block of flats, 30.5 m²",1H+KT+ransk.parveke,"Espoo
    , Kirkkojärvi 
 
    , Reviisorinkatu 8 A",Available immediately
"1,165 €/m","block of flats, 65.5 m²",3h+k,"Espoo
    , Olari 
 
    , Kuvastimentie 1 F",Available from 1/1/22
"1,350 €/m","block of flats, 69.5 m²","3h, k, vh, kh, lasitettu parve","Espoo
    , Olari 
 
    , Piispanportti 9",Available from 12/15/21
965 €/m,"block of flats, 45 m²",2h+kt,"Espoo
    , Pohjois-Tapiola 
 
    , Metsänpojankuja 5",
895 €/m,"block of flats, 42.5 m²",2h+kt,"Espoo
    , Niittykumpu 
 
    , Niittykatu 1 E-F",Available from 1/3/22
835 €/m,"block of flats, 27.5 m²",1h+kt,"Espoo
    , Pohjois-Tapiola 
 
    , Metsänpojankuja 5",
920 €/m,"block of flats, 38.5 m²",2h+kt,"Espoo
    , Pohjois-Tapiola 
 
    , Metsänpojankuja 5",
765 €/m,"block of flats, 28.5 m²",1h+kt,"Espoo
    , Niittykumpu 
 
    , Niittykatu 1 C-D",Available from 1/3/22
670 €/m,"block of flats, 26 m²","1H,KT","Espoo
    , Nöykkiö 
 
    , Eestinlaakso 11",Available from 1/1/22
"1,099 €/m","block of flats, 58.5 m²",3h+kt+s,"Espoo
    , Suurpelto 
 
    , Likusterikatu 1 D",Available from 12/1/21
"1,395 €/m","block of flats, 84 m²",4h+k+s,"Espoo
    , Soukka 
 
    , Soukankaari 12 A",Available from 2/1/22
835.85 €/m,"block of flats, 63.5 m²",2h+kt+s,"Espoo
    , Kurttila 
 
    , Nahkasuutarintie 11",Available from 1/1/22
790 €/m,"block of flats, 60 m²",2h+k+kph+p,"Espoo
    , Olari 
 
    , Kuunsirppi 2",Available from 1/1/22
812 €/m,"block of flats, 35.5 m²",1H+KT,"Espoo
    , Suurpelto 
 
    , Piilipuuntie 31",Available from 1/1/22
"1,037 €/m","block of flats, 52.5 m²",2H+KT,"Espoo
    , Vermonniitty 
 
    , Uuno Kailaan katu 5",Available from 1/1/22
"1,579 €/m","row house, 100 m²",4H+K+S,"Espoo
    , Saarniraivio 
 
    , Saarniraiviontie 5",Available from 1/1/22
"1,254 €/m","block of flats, 76 m²",3h+k+s,"Espoo
    , Lintuvaara 
 
    , Kiskottajankuja 2 C",Available from 1/1/22
938 €/m,"block of flats, 46 m²",2h+kt,"Espoo
    , Matinkylä 
 
    , Matinkallio 7 B",Available from 1/1/22
"1,234 €/m","block of flats, 47 m²",2h+kt+s,"Espoo
    , Tapiola 
 
    , Revontulentie 1 B",Available from 1/1/22
777 €/m,"block of flats, 32 m²",1h+kk,"Espoo
    , Haukilahti 
 
    , Kiiskenevä 2 A",Available from 1/1/22
920 €/m,"block of flats, 43 m²",2h+kk+s,"Espoo
    , Mäkkylä 
 
    , Adjutantinkatu 3 A",Available from 1/1/22
"1,245.92 €/m","row house, 111 m²",5H+K+S,"Espoo
    , Niipperi 
 
    , Juvanpuistonkuja",Available from 2/27/22
499.86 €/m,"block of flats, 44 m²",2H+KK,"Espoo
    , Jouppi 
 
    , Joupinmäenkulma 3",Available from 12/1/21
988 €/m,"block of flats, 60.5 m²",2h+k+s,"Espoo
    , Tuomarila 
 
    , Lyhtykuja 2",Available immediately
898 €/m,"block of flats, 44.5 m²",3h+avok+kph+lasit.p,"Espoo
    , Espoonlahti 
 
    , Kipparinkatu 4 A",Available from 12/31/21
"1,010 €/m","block of flats, 53.5 m²",2H+K,"Espoo
    , Espoon keskus 
 
    , Asemakuja 1",Available from 1/1/22
693 €/m,"block of flats, 34.5 m²",1H+KK,"Espoo
    , Suvela 
 
    , Kirstintie 28",Available from 12/1/21
757 €/m,"block of flats, 33.5 m²",1h+kt+kh+alk,"Espoo
    , Painiitty 
 
    , Lotankatu 5 A",Available from 1/1/22
895 €/m,"block of flats, 44 m²",2h + avok + kph + s + lasitett,"Espoo
    , Leppävaara 
 
    , Rummunlyöjänkatu 11 A",Available from 1/1/22
"1,030 €/m","block of flats, 44 m²","2h, k, kph, s, p","Espoo
    , Tapiola 
 
    , Revontulentie 6 A",Available from 1/1/22
971.82 €/m,"block of flats, 51.5 m²",2h+kk+parv,"Espoo
    , Kivenlahti 
 
    , Meriusva 1",Available from 12/1/21
933.42 €/m,"block of flats, 48 m²",2h+k+s+parv,"Espoo
    , Matinkylä 
 
    , Matinkallio 2",Available immediately
"1,025.18 €/m","block of flats, 56.5 m²",2h+k+s+parv,"Espoo
    , Matinkylä 
 
    , Matinkallio 2",Available immediately
"1,213.29 €/m","block of flats, 67 m²",3h+k+s+parv,"Espoo
    , Matinkylä 
 
    , Matinkallio 2",Available immediately
979.12 €/m,"block of flats, 56.5 m²",2h+k+s+parv,"Espoo
    , Matinkylä 
 
    , Matinkallio 2",Available immediately
821 €/m,"block of flats, 30 m²",1H+KT,"Espoo
    , Olari 
 
    , Koronakatu 1",Available from 1/1/22
"1,260 €/m","block of flats, 72 m²",4h+kt+s,"Espoo
    , Kauklahti 
 
    , Valkamanpelto 3",Available from 1/3/22
864 €/m,"block of flats, 46.5 m²",2h+kk+s,"Espoo
    , Lintuvaara 
 
    , Lintuvaarantie 21",Available from 1/3/22
"1,211 €/m","block of flats, 79.5 m²",3h+k+s,"Espoo
    , Lintuvaara 
 
    , Lintuvaarantie 21",Available from 1/3/22
920 €/m,"block of flats, 44.5 m²",2h+k+kph+las.p,"Espoo
    , Matinkylä 
 
    , Matinniitynkuja 7 B",Available from 1/1/22
795 €/m,"block of flats, 43 m²",2h+avok+kph+s+lasitettu terass,"Espoo
    , Suurpelto 
 
    , Klariksentie 4 C",Available from 12/1/21
"1,169 €/m","block of flats, 76 m²",3h+k,"Espoo
    , Laajalahti 
 
    , Heinjoenpolku 2 A-F C",Available from 1/1/22
"1,239 €/m","block of flats, 65 m²",3h+k,"Espoo
    , Tapiola 
 
    , Kaskenkaatajantie 5 D",Available from 1/1/22
970 €/m,"block of flats, 42 m²",2H+KT,"Espoo
    , Niittykumpu 
 
    , Niittykatu 15",Available from 12/1/21
"1,149 €/m","block of flats, 77 m²",3H+K,"Espoo
    , Suvela 
 
    , Kirstinharju 23",Available from 1/1/22
933 €/m,"block of flats, 49.5 m²",2H+KT,"Espoo
    , Kilo 
 
    , Nihtitorpankuja 3",Available from 1/1/22
795 €/m,"block of flats, 43.5 m²",2h+avok+kph+lasitettu parveke,"Espoo
    , Espoonlahti 
 
    , Tyrskyvuori 2 B",Available from 1/1/22
995 €/m,"block of flats, 56.5 m²",2 h + k + sauna + terassiparve...,"Espoo
    , Kivenlahti 
 
    , Merivalkama 14",Available from 1/1/22
878 €/m,"block of flats, 51.5 m²",2h+avok+kph+lasit.p,"Espoo
    , Haukilahti 
 
    , Haukilahdenranta 21 C",Available immediately
918 €/m,"block of flats, 45 m²","2h, avok, s, kph, las.parv","Espoo
    , Leppävaara 
 
    , Puuportti 2 A",Available from 1/1/22
688 €/m,"block of flats, 33.5 m²",1h+alk+kk+kph+lp,"Espoo
    , Matinkylä 
 
    , Sepetlahdentie 7 A",Available immediately
"1,103 €/m","block of flats, 65.5 m²",3h+kk+s,"Espoo
    , Niittymaa 
 
    , Malmiportti 4 C",Available from 1/1/22
880 €/m,"block of flats, 45 m²",2H+KT+P,"Espoo
    , Olari 
 
    , Puolikuu 2 D",Available from 12/1/21
695 €/m,"block of flats, 24 m²",1h+kk,"Espoo
    , Laajalahti 
 
    , Kirvuntie 18 A-B B",Available from 1/1/22
790 €/m,"block of flats, 31 m²",1 h + kt + alkovi,"Espoo
    , Niittykumpu 
 
    , Riihitontuntie 16 A",Available from 12/18/21
532.79 €/m,"block of flats, 34.5 m²",1H+KK,"Espoo
    , Suurpelto 
 
    , Piilipuuntie 3 C-E",Available immediately
740 €/m,"block of flats, 30 m²",1H+KT+ranskalainen parveke,"Espoo
    , Suvela 
 
    , Kirstinmäki 6",Available from 2/1/22
949 €/m,"block of flats, 47.5 m²",2H+KK+S,"Espoo
    , Espoon keskus 
 
    , Kiltakuja 1",Available immediately
859 €/m,"block of flats, 51.4 m²",2h+k,"Espoo
    , Viherlaakso 
 
    , Viherlaaksonranta 7 E",Available from 1/1/22
869 €/m,"block of flats, 50.5 m²",2h+kk,"Espoo
    , Soukka 
 
    , Soukankaari 13 B",Available from 1/1/22
941 €/m,"block of flats, 43 m²",2H+KT,"Espoo
    , Saunalahti 
 
    , Reelinkikatu 2",Available from 1/1/22
"1,499 €/m","block of flats, 68 m²",3h+k+vh+lasitettu parveke,"Espoo
    , Haukilahti 
 
    , Hauenkalliontie 12-14 D",Available immediately
805 €/m,"block of flats, 36 m²",1h+kk,"Espoo
    , Olari 
 
    , Kuvastimentie 1 F",Available from 1/1/22
773.63 €/m,"block of flats, 49.5 m²",2H+KK,"Espoo
    , Suurpelto 
 
    , Maakirjantie 2",Available from 2/26/22
"1,017 €/m","block of flats, 85 m²",3H+K,"Espoo
    , Kivenlahti 
 
    , Meripoiju 1",Available from 1/1/22
838 €/m,"block of flats, 44 m²",1H+KK,"Espoo
    , Espoon keskus 
 
    , Asemakuja 1",Available from 12/1/21
"1,197 €/m","block of flats, 65 m²",3H+KK,"Espoo
    , Leppävaara 
 
    , Leirikaari 24",Available from 1/1/22
839 €/m,"block of flats, 32.5 m²",1 h alk + kk + khp + p,"Espoo
    , Tapiola 
 
    , Kaupinkalliontie 3 A",Available immediately
"1,264 €/m","block of flats, 60.5 m²",3h+kt,"Espoo
    , Niittykumpu 
 
    , Niittyportinpolku 2 A",Available from 1/1/22
"1,020 €/m","block of flats, 66 m²",3h+k+p,"Espoo
    , Leppävaara 
 
    , Vermonrinne 24",Available immediately
797 €/m,"block of flats, 49.5 m²",2h+kt,"Espoo
    , Kilo 
 
    , Nihtitorpankuja 7",Available from 1/3/22
775 €/m,"block of flats, 41 m²",2h+kt,"Espoo
    , Suurpelto 
 
    , Piilipuuntie 15 B",Available from 1/3/22
839 €/m,"block of flats, 47 m²",2h+kk,"Espoo
    , Karakallio 
 
    , Kotkatie 6 L",Available from 1/1/22
"1,485 €/m","block of flats, 68.5 m²",3h+k+s,"Espoo
    , Tapiola 
 
    , Elosalamantie 2 G",Available from 1/1/22
999 €/m,"block of flats, 50.5 m²",2h+kt,"Espoo
    , Matinkylä 
 
    , Matinniitynkuja 8 A",Available from 12/16/21
"2,525 €/m","block of flats, 65 m²","3h, tk, kph, s, p","Espoo
    , Olari 
 
    , Piispanpiha 4",Available from 12/1/21
"1,421 €/m","block of flats, 28 m²",,"Espoo
    , Lasilaakso 
 
    , Lasiportti 2",Available from 12/27/21
"1,836 €/m","block of flats, 55 m²","2h, k, kph, p","Espoo
    , Leppävaara 
 
    , Nikkarinkuja 5",Available from 12/31/21
543 €/m,"block of flats, 13 m²","1h, jaettu kph, yhteistilat","Espoo
    , Kivenlahti 
 
    , Aallonhuippu 4",Available immediately
822 €/m,"block of flats, 31 m²",1H+KT,"Espoo
    , Vermonniitty 
 
    , Uuno Kailaan katu 6",Available from 1/1/22
879 €/m,"block of flats, 40 m²",2h+k,"Espoo
    , Tapiola 
 
    , Jousenkaari 5 A",Available from 1/1/22
"1,199 €/m","block of flats, 74.5 m²",3h+k+s,"Espoo
    , Leppävaara 
 
    , Kyyhkysmäki 9 C",Available from 1/1/22
899 €/m,"block of flats, 59 m²",2h+k,"Espoo
    , Soukka 
 
    , Soukankaari 13 E",Available from 1/1/22
749 €/m,"block of flats, 40.5 m²",1h+k,"Espoo
    , Kilo 
 
    , Kilonkallionkuja 5 B",Available from 12/1/21
"1,135 €/m","block of flats, 59 m²",3h+kt,"Espoo
    , Vermonniitty 
 
    , Anna Sahlsténin katu 10",Available from 1/3/22
699 €/m,"block of flats, 24.5 m²",1h + kt + kph + ransk. parv.,"Espoo
    , Niittykumpu 
 
    , Niittykatu 10 E",Available from 12/1/21
724.71 €/m,"block of flats, 48.5 m²",2H+KK+S,"Espoo
    , Leppävaara 
 
    , Säterinkuja 1 A 20",Available from 12/11/21
850 €/m,"block of flats, 55 m²",2h + k + lasit. p s,"Espoo
    , Suvela 
 
    , Joupinmäenrinne 3",Available immediately
"1,195 €/m","block of flats, 51.5 m²",2 h + k + s,"Espoo
    , Matinkylä 
 
    , Puolikkotie 6",Available immediately
886.31 €/m,"block of flats, 53 m²",2H+K,"Espoo
    , Suurpelto 
 
    , Piilipuuntie 7",Available immediately
761.44 €/m,"block of flats, 43.5 m²",2H+KK,"Espoo
    , Espoon keskus 
 
    , Lyhtykuja 4",Available immediately
877.7 €/m,"block of flats, 53 m²",2H+K,"Espoo
    , Suurpelto 
 
    , Piilipuuntie 7",Available immediately
950 €/m,"block of flats, 53 m²",2 h + k + s + parveke,"Espoo
    , Olari 
 
    , Komeetankuja 3",Available immediately
"1,500 €/m","block of flats, 83 m²",3 h + k + s + p,"Espoo
    , Olari 
 
    , Kuusikallionkuja 4",Available immediately
949 €/m,"block of flats, 51 m²",2h+kk,"Espoo
    , Matinkylä 
 
    , Matinpuronkuja 2 C",Available from 1/1/22
854 €/m,"row house, 49 m²",2h+kk+s,"Espoo
    , Saunalahti 
 
    , Pohjoisviitta 1 B",Available from 12/1/21
"1,253 €/m","block of flats, 74.5 m²",3h+k,"Espoo
    , Matinkylä 
 
    , Matinpuronkuja 2 C",Available from 1/1/22
720 €/m,"block of flats, 29 m²",1h+kt,"Espoo
    , Suurpelto 
 
    , Suurpellon puistokatu 7 A",Available from 1/1/22
739 €/m,"block of flats, 33.5 m²",2h+kt,"Espoo
 
    , Suviniitynkatu 4 B",Available on agreement
880 €/m,"block of flats, 38 m²",2h+avok+kph+ranskalainen parve,"Espoo
    , Niittykumpu 
 
    , Riihitontuntie 16 B",Available from 12/29/21
838.86 €/m,"block of flats, 61.5 m²",3 h + kt,"Espoo
    , Saunalahti 
 
    , Paapuuri 2",Available from 1/1/22
848 €/m,"block of flats, 41.5 m²",2H+KT,"Espoo
    , Saunalahti 
 
    , Saunalahdenkatu 2",Available from 1/1/22
"1,272.03 €/m","block of flats, 72 m²",3h+k+parv,"Espoo
    , Tapiola 
 
    , Ukonvaaja 4",Available from 12/1/21
829 €/m,"block of flats, 55 m²",2+k,"Espoo
    , Soukka 
 
    , Alakartanontie 4 B",Available from 1/1/22
820 €/m,"block of flats, 56 m²","2h, avokeittiö, kh, sauna, las","Espoo
    , Saunalahti 
 
    , Myötätuulenkatu 8",Available immediately
"1,059 €/m","block of flats, 55 m²",2h+k+s,"Espoo
    , Leppävaara 
 
    , Porarinkatu 2 E",Available from 1/1/22
730 €/m,"block of flats, 27 m²",1h+kt+ransk.,"Espoo
    , Leppävaara 
 
    , Mestarinkatu 5",Available from 1/1/22
830 €/m,"block of flats, 44.5 m²","2h,kk,s,p","Espoo
    , Espoonlahti 
 
    , Amiraalin puistotie 8",Available from 1/1/22
"1,290 €/m","block of flats, 62 m²",3h+kt+parv.,"Espoo
    , Leppävaara 
 
    , Mestarinkatu 5",Available from 1/1/22
795 €/m,"block of flats, 41.5 m²","2h,kt,kh,rp","Espoo
    , Espoon keskus 
 
    , Reviisorinkatu 8",Available from 12/1/21
849.48 €/m,"block of flats, 52.5 m²",1H+K,"Espoo
    , Suurpelto 
 
    , Klariksentie 2",Available immediately
"1,159 €/m","block of flats, 59.5 m²",3H+K+S+P,"Espoo
    , Leppävaara 
 
    , Ratsukatu 4 B",Available from 1/1/22
"1,359 €/m","block of flats, 66 m²",3h+kt,"Espoo
    , Niittykumpu 
 
    , Merituulentie 38 A",Available from 1/1/22
"1,125 €/m","block of flats, 73 m²",3h+k+s,"Espoo
    , Rastaspuisto 
 
    , Tähtimötie 2 B",Available from 1/1/22
695 €/m,"block of flats, 24.5 m²",1h+kt+p,"Espoo
    , Olari 
 
    , Ylismäentie 12",Available from 1/3/22
844 €/m,"block of flats, 33.5 m²",2h+kt+ransk,"Espoo
    , Olari 
 
    , Ylismäentie 12",Available immediately
827 €/m,"block of flats, 33.5 m²",2h+kt+ransk,"Espoo
    , Olari 
 
    , Ylismäentie 12",Available immediately
790 €/m,"block of flats, 47.5 m²","2h, kk, vh, parveke","Espoo
 
    , Joupintie 8 A",Available from 1/1/22
750 €/m,"block of flats, 34.5 m²",1h + k + lasitettu parveke,"Espoo
    , Laajalahti 
 
    , Heinjoenpolku 1",Available from 2/28/22
839 €/m,"block of flats, 31 m²",1h+kt,"Espoo
    , Niittykumpu 
 
    , Merituulentie 38 A",Available from 1/1/22
664.51 €/m,"block of flats, 43.5 m²",2H+KK,"Espoo
    , Ymmersta 
 
    , Ullantorppa 2",Available from 1/1/22
747.78 €/m,"block of flats, 36.5 m²",1H+KT,"Espoo
    , Suurpelto 
 
    , Piilipuuntie 11",Available from 1/1/22
695 €/m,"block of flats, 25.6 m²",1h+kk+kph,"Espoo
    , Haukilahti 
 
    , Hauenkalliontie 8 D",Available immediately
635 €/m,"block of flats, 30 m²",1h+kk+kph+parveke,"Espoo
    , Matinkylä 
 
    , Sepetlahdentie 14 D",Available immediately
730 €/m,"block of flats, 31 m²",1h+kt,"Espoo
    , Ymmersta 
 
    , Ullanmäentie 14",Available from 1/15/22
680 €/m,"block of flats, 28 m²",1h + kk,"Espoo
    , Iivisniemi 
 
    , Iivisniemenkatu 4 A 18",Available immediately
"1,295 €/m","block of flats, 69 m²",3h+kt+s,"Espoo
    , Vermonniitty 
 
    , Perilänniitty 2",Available from 1/3/22
650 €/m,"block of flats, 32 m²",1h+kt+alk.,"Espoo
    , Vermonniitty 
 
    , Kaarlo Sarkian katu 8",Available immediately
"1,475 €/m","block of flats, 82.5 m²",4h+kt+s,"Espoo
    , Vermonniitty 
 
    , Perilänniitty 2",Available from 1/3/22
678 €/m,"block of flats, 29.5 m²",1h+kk+kph,"Espoo
    , Pohjois-Tapiola 
 
    , Visamäki 5 D",Available immediately
840 €/m,"block of flats, 40.5 m²",2h+k,"Espoo
    , Espoonlahti 
 
    , Amiraalin Puistotie 10",Available immediately
690 €/m,"block of flats, 29 m²",1h+kt,"Espoo
    , Ymmersta 
 
    , Ullanmäentie 14",Available from 1/3/22
"1,279 €/m","block of flats, 66 m²",3h+kt+s,"Espoo
    , Vermonniitty 
 
    , Perilänniitty 2",Available from 1/3/22
"1,320 €/m","block of flats, 69 m²",3h+kt+s,"Espoo
    , Vermonniitty 
 
    , Perilänniitty 2",Available from 1/3/22
820 €/m,"block of flats, 44 m²",2h+kk,"Espoo
    , Tuomarila 
 
    , Ratalaaksonkuja 14",Available from 1/5/22
650 €/m,"block of flats, 32 m²",1h+kt+alk.,"Espoo
    , Vermonniitty 
 
    , Kaarlo Sarkian katu 8",Available from 12/1/21
"1,320 €/m","block of flats, 69.5 m²",3h+kt+s,"Espoo
    , Vermonniitty 
 
    , Perilänniitty 2",Available from 12/1/21
820 €/m,"block of flats, 40 m²",1h + avok + alk + lasit. p,"Espoo
    , Otaniemi 
 
    , Otakuja 3",Available immediately
"1,350 €/m","block of flats, 84.5 m²",4h+kt,"Espoo
    , Saunalahti 
 
    , Saunalahdenkatu 1 A",Available from 1/1/22
922 €/m,"block of flats, 46 m²",2h+kt,"Espoo
    , Matinkylä 
 
    , Matinkallio 7 B",Available from 1/1/22
"1,343 €/m","block of flats, 83.5 m²",4h+kt,"Espoo
    , Saunalahti 
 
    , Saunalahdenkatu 1 B",Available from 1/1/22
895 €/m,"block of flats, 46 m²",2h+kt+s,"Espoo
    , Saunalahti 
 
    , Reelinkikuja 3 B",Available from 1/1/22
925 €/m,"block of flats, 59.5 m²",2h+k,"Espoo
    , Matinkylä 
 
    , Leenankuja 2 H",Available immediately
900 €/m,"block of flats, 52 m²",2h + k,"Espoo
    , Tapiola 
 
    , Jousenkaari 9",Available from 12/1/21
720 €/m,"balcony access block, 24 m²",1h + kt + parvi,"Espoo
    , Kauklahti 
 
    , Bassenkuja 1",Available from 12/1/21
720 €/m,"block of flats, 24 m²",1h + ak + p,"Espoo
    , Kauklahti 
 
    , Bassenkuja 1",Available from 12/1/21
905 €/m,"block of flats, 44 m²",2H+KK+S,"Espoo
    , Espoon keskus 
 
    , Kiltakuja 5",Available from 12/1/21
979 €/m,"block of flats, 54.5 m²",2H+K+S,"Espoo
    , Espoon keskus 
 
    , Kiltakuja 5",Available from 12/1/21
946 €/m,"block of flats, 51 m²",2H+KK+S,"Espoo
    , Espoon keskus 
 
    , Kiltakuja 5",Available immediately
795 €/m,"block of flats, 55 m²","2 h, k, kh, p (yhtiöjärjestyks","Espoo
    , Karakallio 
 
    , Karakallionkuja 3 B",Available immediately
808.47 €/m,"block of flats, 59 m²",2h+kt+s,"Espoo
    , Kurttila 
 
    , Nahkasuutarintie 11",Available from 1/1/22
"1,200 €/m","block of flats, 60 m²",3h+kt+parveke,"Espoo
    , Kilo 
 
    , Multahaankuja 8",Available from 12/1/21
996 €/m,"block of flats, 49.5 m²",2H+KT,"Espoo
    , Kilo 
 
    , Nihtitorpankuja 3",Available immediately
849 €/m,"block of flats, 59 m²",2h+k,"Espoo
    , Karakallio 
 
    , Kotkatie 6 E",Available from 1/4/22
938 €/m,"block of flats, 46.5 m²",2h+kt,"Espoo
 
    , Piispanpiha 5 B",Available from 1/1/22
930.36 €/m,"block of flats, 58 m²",3H+KT+VT,"Espoo
    , Karakallio 
 
    , Karakalliontie 1 L",Available immediately
695 €/m,"block of flats, 34.5 m²",1h+kt+p,"Espoo
    , Saunalahti 
 
    , Tyyrpuuri 2",Available immediately
887 €/m,"block of flats, 46 m²",2H+KK+S,"Espoo
    , Ymmersta 
 
    , Ullantorpantie 3",Available immediately
"1,029 €/m","block of flats, 74.5 m²","3h, k, kph, vh","Espoo
    , Matinkylä 
 
    , Leilankuja 4","Available immediately|Display 11/29/21 
                  
                    5:00 PM"
824 €/m,"block of flats, 43 m²",2h+avokt+kph+lasit.p,"Espoo
    , Espoon keskus 
 
    , Kirkkojärventie 10 B",Available from 1/1/22
858 €/m,"block of flats, 39.5 m²",2H+KT,"Espoo
    , Espoon keskus 
 
    , Kirkkojärventie 10",Available from 12/1/21
982 €/m,"block of flats, 44.5 m²",2H+KT,"Espoo
    , Niittykumpu 
 
    , Niittykatu 15",Available from 1/1/22
946 €/m,"block of flats, 51 m²",2H+KK+S,"Espoo
    , Tiistilä 
 
    , KALAONNENTIE 3 A",Available from 1/1/22
"1,643.87 €/m","row house, 109 m²",5H+K+S,"Espoo
    , Nuottalahti 
 
    , Nuottalahdentie 30",Available from 2/19/22
"1,761.6 €/m","detached house, 120 m²",5H+K+S,"Espoo
    , Nuottalahti 
 
    , Verkkokuja 6-8",Available from 2/11/22
940 €/m,"block of flats, 50 m²",2H+KT,"Espoo
    , Suurpelto 
 
    , Suurpellon Puistokatu 12",Available immediately
695 €/m,"block of flats, 35 m²",1h+k+parv,"Espoo
    , Kivenlahti 
 
    , Merivirta 7",Available from 12/1/21
"1,029 €/m","block of flats, 52.5 m²",2H+KT,"Espoo
    , Vermonniitty 
 
    , Uuno Kailaan katu 5",Available from 1/4/22
890 €/m,"block of flats, 38.5 m²",1h+alk+kk,"Espoo
    , Mäkkylä 
 
    , Adjutantinkatu 3 C",Available from 1/1/22
773.07 €/m,"block of flats, 34.5 m²",1H+KK,"Espoo
    , Leppävaara 
 
    , Leppäviita 5",Available from 1/1/22
780.37 €/m,"block of flats, 38 m²",2H+KT,"Espoo
    , Suurpelto 
 
    , Piilipuuntie 11",Available from 1/1/22
899 €/m,"block of flats, 46 m²",2h+kk+s,"Espoo
    , Leppävaara 
 
    , Huvilinnantie 6 A",Available from 12/1/21
910.38 €/m,"block of flats, 71 m²",3 h + kt,"Espoo
    , Saunalahti 
 
    , Paapuuri 2",Available from 1/1/22
745 €/m,"block of flats, 33 m²",1h+kt,"Espoo
    , Vermonniitty 
 
    , Anna Sahlsténin katu 10",Available from 1/3/22
763.78 €/m,"block of flats, 60.5 m²",2h+kk+s,"Espoo
    , Vanttila 
 
    , Puusorvarintie 3",Available from 2/19/22
790 €/m,"block of flats, 55 m²",2h+k+kph+lp,"Espoo
    , Viherkallio 
 
    , Viherkallionkuja 3 HH",Available immediately
473 €/m,"block of flats, 7 m²",Omahuone,"Espoo
    , Kivenlahti 
 
    , Aallonhuippu 4",Available from 12/31/21
799 €/m,"block of flats, 47 m²",2h+kk,"Espoo
    , Karakallio 
 
    , Kotkatie 6 H",Available from 1/1/22
"1,199 €/m","block of flats, 52 m²",2h+kk+s+ap,"Espoo
    , Tapiola 
 
    , Tuulikuja 4 D",Available from 1/1/22
950 €/m,"block of flats, 45.5 m²",2h+avok,"Espoo
    , Tapiola 
 
    , Tornitaso 3",Available immediately
750 €/m,"block of flats, 29.5 m²",1H + KT + ALK,"Espoo
    , Espoonlahti 
 
    , Kipparinkatu 4 A",Available from 1/1/22
780 €/m,"block of flats, 33 m²",1h+kt+alkovi+ lasitettu parvek...,"Espoo
    , Kivenlahti 
 
    , Marinportti 5  B 38",Available from 1/1/22
"1,300 €/m","block of flats, 68 m²",3h+kt+s,"Espoo
    , Vermonniitty 
 
    , Kaarlo Sarkian katu 1",
865 €/m,"block of flats, 37 m²",1h+kt,"Espoo
    , Matinkylä 
 
    , Koronakatu 1 B",Available on agreement
820 €/m,"block of flats, 34 m²",1h+kt,"Espoo
    , Matinkylä 
 
    , Koronakatu 1 B",Available on agreement
960 €/m,"block of flats, 46.5 m²",2h+kt,"Espoo
    , Matinkylä 
 
    , Koronakatu 1 B",Available on agreement
950 €/m,"block of flats, 46.5 m²",2h+kt,"Espoo
    , Matinkylä 
 
    , Koronakatu 1 B",Available on agreement
930 €/m,"block of flats, 44 m²",2h+kt,"Espoo
    , Matinkylä 
 
    , Koronakatu 1 B",Available on agreement
940 €/m,"block of flats, 44 m²",2h+kt,"Espoo
    , Matinkylä 
 
    , Koronakatu 1 B",Available on agreement
975 €/m,"block of flats, 46.5 m²",2h+kt,"Espoo
    , Matinkylä 
 
    , Koronakatu 1 B",Available on agreement
"1,186 €/m","block of flats, 68.5 m²",3h+kt+s,"Espoo
    , Kilo 
 
    , Nihtitorpankuja 5 A 0",Available from 1/1/22
840 €/m,"block of flats, 34.5 m²",1h+kt,"Espoo
    , Matinkylä 
 
    , Koronakatu 1 B",Available on agreement
"1,090 €/m","block of flats, 52.5 m²",2h+kt+s,"Espoo
    , Matinkylä 
 
    , Koronakatu 1 B",Available on agreement
970 €/m,"block of flats, 46.5 m²",2h+kt,"Espoo
    , Matinkylä 
 
    , Koronakatu 1 B",Available on agreement
830 €/m,"block of flats, 34.5 m²",1h+kt,"Espoo
    , Matinkylä 
 
    , Koronakatu 1 B",Available on agreement
700 €/m,"block of flats, 30.5 m²",1h+kt,"Espoo
    , Sepänkylä 
 
    , Peuraniitty 1 E",Available on agreement
940 €/m,"block of flats, 44 m²",2h+kt,"Espoo
    , Matinkylä 
 
    , Koronakatu 1 B",Available on agreement
920 €/m,"block of flats, 44 m²",2h+kt,"Espoo
    , Matinkylä 
 
    , Koronakatu 1 A",Available on agreement
909 €/m,"block of flats, 52 m²",2H+K,"Espoo
    , Suurpelto 
 
    , Suurpellon Puistokatu 14",Available immediately
"1,500 €/m","block of flats, 62 m²",3h + k + p,"Espoo
    , Leppävaara 
 
    , Kirjurinkuja 1",Available immediately
985 €/m,"block of flats, 56 m²",2H+K+P,"Espoo
    , Matinkylä 
 
    , Matinkatu 8",Available from 1/1/22
969 €/m,"block of flats, 43.5 m²",2H+KT,"Espoo
    , Vermonniitty 
 
    , Uuno Kailaan katu 6",Available from 1/1/22
"1,050 €/m","balcony access block, 59 m²",3h+k+s+vh,"Espoo
    , Tuomarila 
 
    , Puistotie 3 D",Available immediately
925 €/m,"block of flats, 46 m²",2H+KK+S,"Espoo
    , Matinkylä 
 
    , Kala-Maija 3",Available immediately
895 €/m,"block of flats, 51.5 m²",2h+kt+s+parv,"Espoo
    , Perkkaa 
 
    , Perkkaantie 3",Available immediately
695 €/m,"block of flats, 30 m²","1h, avokeittiö, kph","Espoo
    , Näkinkylä 
 
    , Kauppakumppanintie 2 C",Available immediately
985 €/m,"block of flats, 59 m²",2H+K,"Espoo
    , Espoon keskus 
 
    , Asemakuja 3",Available from 1/1/22
990 €/m,"balcony access block, 49 m²","oh, avokeittiö, 2mh, kph, saun","Espoo
    , Kauklahti 
 
    , Bassenkuja 1 C",Available from 12/1/21
"1,241 €/m","block of flats, 50 m²",2H+KT,"Espoo
    , Niittykumpu 
 
    , Koivu-Mankkaan tie 1",Available from 1/1/22
823 €/m,"block of flats, 32.5 m²",1H+KT,"Espoo
    , Kivenlahti 
 
    , Marinkallio 6",Available from 1/1/22
"1,219 €/m","block of flats, 74 m²",3h+k,"Espoo
    , Matinkylä 
 
    , Matinraitti 11 D",Available from 12/1/21
776 €/m,"block of flats, 25.5 m²",1h+kk,"Espoo
    , Haukilahti 
 
    , Pitkänkalliontie 9 A",Available from 12/1/21
832 €/m,"block of flats, 46 m²",2H+KK,"Espoo
    , Suvela 
 
    , Kirstinharju 23",Available from 1/1/22
945 €/m,"block of flats, 46.5 m²",2H+KK+S,"Espoo
    , Matinkylä 
 
    , Kala-Maija 3",Available from 1/1/22
676 €/m,"block of flats, 33.5 m²",1h+kk+ransk.parv,"Espoo
    , Vesirattaanmäki 
 
    , Vesirattaanmäki 1 A",Available from 1/1/22
"1,150 €/m","block of flats, 49 m²",2h + k,"Espoo
    , Matinkylä 
 
    , Matinkatu 22 A",Available from 12/31/21
955 €/m,"block of flats, 33.5 m²",1h + k,"Espoo
    , Matinkylä 
 
    , Matinkatu 22 A",Available from 12/31/21
734 €/m,"block of flats, 38 m²",1H+K,"Espoo
    , Suvela 
 
    , Kirstintie 30",Available from 1/22/22
840 €/m,"block of flats, 58 m²",2h+k+kph+lasitettu parveke,"Espoo
    , Kivenlahti 
 
    , Maininkitie 12 B",Available from 1/1/22
"1,099 €/m","block of flats, 57.5 m²",2h+kt+s,"Espoo
    , Niittykumpu 
 
    , Niittysillankulma 2 D",Available from 12/7/21
859 €/m,"block of flats, 51.4 m²",2h+k,"Espoo
    , Viherlaakso 
 
    , Viherlaaksonranta 3 D",Available from 1/1/22
869 €/m,"block of flats, 47.5 m²",2h+kt,"Espoo
    , Suurpelto 
 
    , Henttaan puistokatu 8 A",Available from 1/1/22
940 €/m,"block of flats, 63 m²",2H+K,"Espoo
    , Suvela 
 
    , Kirstintie 30",Available from 1/1/22
910 €/m,"block of flats, 57 m²",2h+kt,"Espoo
    , Kauklahti 
 
    , Tegelhagen 2",Available from 1/3/22
"1,290 €/m","block of flats, 80 m²",3h+kt+s,"Espoo
    , Espoonlahti 
 
    , Ulappakatu 1D",Available from 1/3/22
"1,227 €/m","block of flats, 74.5 m²",3h+k,"Espoo
    , Matinkylä 
 
    , Matinpuronkuja 2 F",Available from 1/3/22
974 €/m,"block of flats, 51 m²",2h+kt,"Espoo
    , Matinkylä 
 
    , Matinpuronkuja 2 D",Available from 1/3/22
819 €/m,"block of flats, 27.5 m²",1h+kt+var,"Espoo
    , Leppävaara 
 
    , Tulkinkuja 3",Available immediately
834 €/m,"block of flats, 28 m²",1h+kt+var+ransk.,"Espoo
    , Leppävaara 
 
    , Tulkinkuja 3",Available immediately
931 €/m,"block of flats, 45.5 m²",2h+kt+p,"Espoo
    , Olari 
 
    , Ylismäentie 12",Available immediately
924 €/m,"block of flats, 45.5 m²",2h+kt+p,"Espoo
    , Olari 
 
    , Ylismäentie 12",Available immediately
807 €/m,"block of flats, 31 m²",1h+kt+p,"Espoo
    , Olari 
 
    , Ylismäentie 12",Available immediately
"1,033.72 €/m","row house, 86 m²",4h+k+s,"Espoo
    , Kurttila 
 
    , Nahkasuutarintie 7 B",Available from 2/18/22
699 €/m,"block of flats, 26.2 m²",1h+kk,"Espoo
    , Viherlaakso 
 
    , Viherlaaksonranta 7 H",Available from 1/1/22
849 €/m,"block of flats, 43 m²",2h+kt,"Espoo
    , Suurpelto 
 
    , Likusterikatu 1 D",Available immediately
899 €/m,"row house, 40.5 m²",2h+kk+s,"Espoo
    , Lintuvaara 
 
    , Lintukorvenkuja 1",Available from 1/1/22
690 €/m,"block of flats, 33 m²",1h + kk + alk + kph + p,"Espoo
    , Espoonlahti 
 
    , Ruorikuja 2",Available immediately
979 €/m,"block of flats, 52.5 m²",2h+kt,"Espoo
    , Vermonniitty 
 
    , Majurinkatu 3 C",Available from 12/1/21
969 €/m,"block of flats, 52 m²",2h+k+s,"Espoo
    , Matinkylä 
 
    , Nelikkokuja 10 A",Available from 1/1/22
945 €/m,"block of flats, 43 m²",2H+KT,"Espoo
    , Saunalahti 
 
    , Reelinkikatu 2",Available from 1/1/22
930 €/m,"block of flats, 62 m²",2H+K,"Espoo
    , Kivenlahti 
 
    , Kivenlahdenkatu 6",Available from 1/1/22
750 €/m,"balcony access block, 46.5 m²",2h+kk+sauna+parveke,"Espoo
    , Karvasmäki 
 
    , Vanha Turuntie 75 H-S",Available immediately
629 €/m,"block of flats, 21 m²",1h+kt+kph,"Espoo
    , Kivenlahti 
 
    , Tyrskyvuori 4 B",Available immediately
619 €/m,"block of flats, 26.5 m²",1h+kt+kph,"Espoo
    , Kavallinmäki 
 
    , Kavallinmäki 13 B",Available immediately
599 €/m,"block of flats, 20 m²",1h+kt+kph,"Espoo
    , Saunalahti 
 
    , Tiimalasintie 6 C",Available immediately
609 €/m,"block of flats, 21 m²",1h+kt+kph,"Espoo
    , Kivenlahti 
 
    , Tyrskyvuori 4 B",Available immediately
599 €/m,"block of flats, 20.5 m²",1h+kt+p,"Espoo
    , Saunalahti 
 
    , Tiimalasintie 6 B",Available immediately
695 €/m,"block of flats, 27 m²",1h + avok + lasitettu parveke ...,"Espoo
    , Espoonlahti 
 
    , Kipparinkatu 4 A 10",Available from 12/30/21
890 €/m,"block of flats, 37.5 m²",1h+avok+kph+s+lasitettu parvek...,"Espoo
    , Kivenlahti 
 
    , Meriusva 5 A",Available immediately
672 €/m,"block of flats, 21 m²","Omahuone, jaettu kph","Espoo
    , Otaniemi 
 
    , Kivimiehentie 2",Available from 11/30/21
790 €/m,"block of flats, 33.5 m²",1h+ks+kph+ranskalainen parveke,"Espoo
    , Matinkylä 
 
    , Kaisankuja 1 A",
"1,380 €/m","block of flats, 82 m²",3h+avok+kph+s+wc+lasitettu par,"Espoo
    , Niittykumpu 
 
    , Niittykatu 7 A",Available from 1/1/22
685 €/m,"block of flats, 27.5 m²","1h, avokeittiö, kph, parveke","Espoo
    , Saunalahti 
 
    , Linjaloistonkatu 3 B",Available from 12/1/21
"2,690 €/m","block of flats, 98.5 m²","4h, k, kph, wc, p","Espoo
    , Matinkylä 
 
    , Liisankuja 2",Available from 12/2/21
880 €/m,"block of flats, 59 m²",2H+K+KPH+S+WC+LASITETTUP,"Espoo
    , Leppävaara 
 
    , Porarinkatu 7 C",Available from 1/1/22
679 €/m,"block of flats, 36.5 m²",1h+k+kph+lasitettu parveke (yh,"Espoo
    , Saunalahti 
 
    , Kompassikatu 9 B",Available immediately
"1,100 €/m","block of flats, 87 m²",3h+k+kph+wc+vh+khh+lp,"Espoo
    , Westend 
 
    , Munkkiluodonkuja 2 E",Available immediately
790 €/m,"block of flats, 35.5 m²",2h+kt+lasitettu parveke (uudis...,"Espoo
    , Espoonlahti 
 
    , Kipparinkatu 4A",Available from 12/31/21
775.9 €/m,"block of flats, 53.5 m²",2H+KK+S,"Espoo
    , Suurpelto 
 
    , Klariksentie 1",Available from 1/20/22
749 €/m,"block of flats, 38 m²",1h+k+s,"Espoo
    , Lintuvaara 
 
    , Tikankolo 6 A",Available from 1/1/22
729 €/m,"block of flats, 28.5 m²",1h+kk,"Espoo
    , Olari 
 
    , Kuunsirppi 6 A",Available from 1/1/22
790 €/m,"block of flats, 28.5 m²",1h+kt,"Espoo
    , Olari 
 
    , Piispanportti 9",Available from 12/1/21
990 €/m,"block of flats, 69 m²",3H+KK+S,"Espoo
    , Suvela 
 
    , Joupinmäensyrjä 8","Available immediately|Display 12/1/21 
                  
                    2:40 PM"
920 €/m,"block of flats, 61 m²",2h + k + lasit. p,"Espoo
    , Matinkylä 
 
    , Matinkatu 24",Available from 1/1/22
980.49 €/m,"row house, 73 m²",3H+K+S,"Espoo
    , Vanttila 
 
    , Mesimäki 10",Available from 2/20/22
580 €/m,"block of flats, 39.5 m²",1h+kk+alkovi+kph,"Espoo
    , Kivenlahti 
 
    , Aallonhuippu 7 A",Available from 12/1/21
640 €/m,"block of flats, 20.5 m²","1h,kt,kh,las.parv.","Espoo
    , Saunalahti 
 
    , Tiimalasintie 6",Available from 1/1/22
970 €/m,"block of flats, 46.5 m²",2h+kt,"Espoo
    , Matinkylä 
 
    , Matinkatu 22",Available from 12/15/21
990 €/m,"block of flats, 49 m²",2h+kt+terassi,"Espoo
    , Matinkylä 
 
    , Matinkatu 22",Available from 12/15/21
650 €/m,"block of flats, 20.5 m²",1h+kt+parveke,"Espoo
    , Saunalahti 
 
    , Tiimalasintie 6",Available from 12/1/21
995 €/m,"block of flats, 51 m²",2h+kk+s,"Espoo
    , Leppävaara 
 
    , Porarinkatu 2 D",Available from 1/1/22
979 €/m,"block of flats, 40 m²",2h+kk+s,"Espoo
    , Leppävaara 
 
    , Rummunlyöjänkatu 11 D",Available from 1/1/22
"1,159 €/m","block of flats, 73 m²",3h+k+s,"Espoo
    , Lippajärvi 
 
    , Linnustajantie 17 B",Available from 1/1/22
749 €/m,"block of flats, 24 m²",1h+kt,"Espoo
    , Vermonniitty 
 
    , Majurinkatu 3 C",Available from 1/1/22
990 €/m,"block of flats, 44.5 m²",2h+k,"Espoo
    , Olari 
 
    , Piispanportti 9",Available from 12/1/21
"1,243 €/m","block of flats, 72 m²",3h+kk+s,"Espoo
    , Matinkylä 
 
    , Nelikkotie 2",Available from 1/3/22
"1,159 €/m","block of flats, 66 m²",3h+kt+s,"Espoo
    , Suurpelto 
 
    , Likusterikatu 1 A-C",Available from 12/8/21
"1,069 €/m","block of flats, 73.5 m²",3h+k,"Espoo
    , Olari 
 
    , Ylistörmä 1",Available from 1/3/22
814 €/m,"block of flats, 28 m²",1h+kt+var,"Espoo
    , Leppävaara 
 
    , Tulkinkuja 3",Available immediately
785 €/m,"block of flats, 28.5 m²",1h+kt+p,"Espoo
    , Olari 
 
    , Ylismäentie 12",Available immediately
889 €/m,"block of flats, 50.5 m²",2h+k+kph,"Espoo
    , Tapiola 
 
    , Jousenkaari 9 B",Available immediately
"1,064.55 €/m","block of flats, 86 m²",4h+k+s,"Espoo
    , Kilo 
 
    , Kilonpurontie 2",Available from 12/31/21
"1,247 €/m","row house, 95 m²",3h+k+kph+wc+s+p+terassi,"Espoo
    , Mankkaa 
 
    , Seilimäki 25 C",Available immediately
543 €/m,"block of flats, 14 m²",Omahuone,"Espoo
    , Kivenlahti 
 
    , Aallonhuippu 4",Available immediately
"2,447 €/m","semi-detached house, 67 m²","4h, ak, kph, s, wc, p","Espoo
    , Perusmäki 
 
    , Lavaniityntie 4",Available from 12/1/21
"1,199 €/m","block of flats, 72 m²",3h+k,"Espoo
    , Matinkylä 
 
    , Matinkatu 10 B",Available from 1/4/22
"1,225 €/m","block of flats, 98 m²",4h+k+kph+wc+lasitettu parveke,"Espoo
    , Kivenlahti 
 
    , Maininkitie 12 B",Available from 12/19/21
709 €/m,"block of flats, 26 m²",1h+kt+kph,"Espoo
    , Saunalahti 
 
    , Tyyrpuuri 2 B",Available from 1/3/22
889 €/m,"block of flats, 47.5 m²",2h+kt+kph+prvk,"Espoo
    , Saunalahti 
 
    , Paapuuri 4 A",Available from 12/1/21
"1,282 €/m","semi-detached house, 87.5 m²",4h+k+kph+S+wc+vh+t+piha,"Espoo
    , Perusmäki 
 
    , Purolaakso 9 B",Available immediately
949 €/m,"block of flats, 41 m²",2h+kt+kph+prvk,"Espoo
    , Leppävaara 
 
    , Runoratsunkatu 3 A",Available from 1/3/22
884 €/m,"block of flats, 45 m²",2h+k+kph+p,"Espoo
    , Tapiola 
 
    , Aarnivalkeantie 5 D",Available from 12/1/21
836 €/m,"block of flats, 43 m²",2h+kk,"Espoo
    , Matinkylä 
 
    , Matinraitti 9",Available from 12/1/21
749 €/m,"block of flats, 38 m²",2h+kk+kph+p,"Espoo
    , Tapiola 
 
    , Sateentie 4 A",Available from 12/1/21
780.7 €/m,"block of flats, 38.5 m²",2h+kt+lasitettu parveke,"Espoo
    , Saunalahti 
 
    , Linjaloistonkatu 5 B",Available from 12/31/21
"1,320 €/m","block of flats, 71 m²",3H+K+S,"Espoo
 
    , Ratamotie 6",Available immediately
"1,005 €/m","block of flats, 47.5 m²",2H+KT,"Espoo
    , Vermonniitty 
 
    , Uuno Kailaan katu 6",Available from 1/1/22
899 €/m,"block of flats, 38.5 m²",2h+kk,"Espoo
    , Tapiola 
 
    , Elosalamantie 2 G",Available from 12/1/21
850 €/m,"block of flats, 39 m²",2h+kk,"Espoo
    , Tillinmäki 
 
    , Vuorikukantie 10",Available from 12/1/21
790 €/m,"block of flats, 30.5 m²","1h,kt,kh,las.parv.","Espoo
    , Leppävaara 
 
    , Armas Launiksen katu 14",Available from 12/28/21
695 €/m,"block of flats, 22.5 m²",1h+avok+kph+las.p,"Espoo
    , Nöykkiö 
 
    , Eestinlaakso 11 A",Available from 12/1/21
795 €/m,"block of flats, 51.5 m²",2h+kk+kph,"Espoo
    , Suvela 
 
    , Kirstinharju 9 H",Available immediately
729 €/m,"block of flats, 33 m²",1h+kk,"Espoo
    , Tuomarila 
 
    , Kulovalkeantie 22 B",Available from 1/1/22
899 €/m,"block of flats, 59 m²",2h+k,"Espoo
    , Soukka 
 
    , Soukankaari 13 F",Available from 1/1/22
750 €/m,"block of flats, 29 m²",1h+kt,"Espoo
    , Matinkylä 
 
    , Matinkatu 22 D",Available from 1/1/22
"1,197 €/m","block of flats, 72 m²",3H+K,"Espoo
    , Suvela 
 
    , Kirstinharju 23",Available from 1/4/22
"1,540 €/m","block of flats, 85 m²",4h+k,"Espoo
    , Laajalahti 
 
    , Kaukolantie 17",Available from 12/1/21
949 €/m,"block of flats, 42.5 m²",2h+kt+kph+lasit.parv.,"Espoo
    , Tapiola 
 
    , Länsituuli 8 B",Available immediately
959 €/m,"block of flats, 41.5 m²",2h+kt,"Espoo
    , Niittykumpu 
 
    , Merituulentie 38 A",Available from 1/1/22
813 €/m,"block of flats, 32.5 m²",1H+KT,"Espoo
    , Kivenlahti 
 
    , Marinkallio 6",Available from 1/1/22
790 €/m,"block of flats, 45 m²",2h+kk+kph+s+las.parv.,"Espoo
    , Tuomarila 
 
    , Tuomarilanportti 6 A",Available from 1/1/22
710.8 €/m,"block of flats, 48.5 m²",2H+KK+S,"Espoo
    , Leppävaara 
 
    , Säterinkuja 1 C 52",Available from 1/25/22
810 €/m,"block of flats, 31.5 m²",1h+kt+alk,"Espoo
    , Vermonniitty 
 
    , Kaarlo Sarkian katu 10 C",Available from 1/1/22
829 €/m,"block of flats, 52.5 m²",2h+kk,"Espoo
    , Kauklahti 
 
    , Hansatie 4 K",Available from 1/1/22
839 €/m,"block of flats, 31 m²",1h+kt,"Espoo
    , Niittykumpu 
 
    , Merituulentie 38 A",Available from 12/1/21
964 €/m,"block of flats, 45 m²",2H+KT,"Espoo
    , Vermonniitty 
 
    , Uuno Kailaan katu 6",Available from 12/1/21
659 €/m,"block of flats, 22.5 m²",1h+k+kph+lasitettu parveke,"Espoo
    , Niittykumpu 
 
    , Niittykuja 2 B",Available from 1/1/22
650 €/m,"block of flats, 38 m²","1 h, k, kph","Espoo
    , Kivenlahti 
 
    , Maininkitie 9 G",Available from 1/1/22
"1,259 €/m","block of flats, 78 m²",3h+k+s,"Espoo
    , Lintuvaara 
 
    , Kiskottajankuja 4 D",Available from 1/1/22
917 €/m,"block of flats, 58.5 m²",2H+K,"Espoo
    , Espoon keskus 
 
    , Sinettikuja 3",Available immediately
"1,239 €/m","block of flats, 70.5 m²",3H+K+S,"Espoo
    , Tiistilä 
 
    , KALAONNENTIE 3 C",Available from 1/1/22
934 €/m,"block of flats, 43 m²",2h+kt,"Espoo
    , Niittymaa 
 
    , Niittyportinpolku 4 B",Available from 1/1/22
780 €/m,"block of flats, 29 m²","1h,kt,p","Espoo
    , Matinkylä 
 
    , Tynnyritie 1",Available from 12/15/21
"1,240 €/m","block of flats, 73 m²",3H+K+S,"Espoo
    , Matinkylä 
 
    , Kala-Maija 3",Available immediately
912 €/m,"block of flats, 62 m²",2H+K,"Espoo
    , Kivenlahti 
 
    , Kivenlahdenkatu 5",Available immediately
845 €/m,"block of flats, 50 m²",2H+KK,"Espoo
    , Suvela 
 
    , Joupinrinne 4",Available immediately
"1,079 €/m","block of flats, 52.5 m²",2h+kt,"Espoo
    , Niittykumpu 
 
    , Taivalmäki 5 A",Available from 12/2/21
875 €/m,"block of flats, 42.5 m²",2H+KT,"Espoo
    , Tuomarila 
 
    , Kulovalkeantie 21",Available from 12/1/21
729 €/m,"block of flats, 36 m²",1h+kk,"Espoo
    , Suvela 
 
    , Kirstinmäki 3 D",Available from 12/1/21
795 €/m,"block of flats, 37.5 m²",2h + kt + kph + vh + lasitettu...,"Espoo
    , Vermonniitty 
 
    , Uuno Kailaan katu 7",Available immediately
950 €/m,"block of flats, 49 m²",2h+k+s,"Espoo
    , Kilo 
 
    , Vanharaide 1 B",Available from 1/1/22
"1,236 €/m","block of flats, 74 m²",3h+k+s,"Espoo
    , Lintuvaara 
 
    , Kiskottajankuja 2 A",Available from 12/1/21
860 €/m,"block of flats, 33.5 m²",1h+kt,"Espoo
    , Matinkylä 
 
    , Kaisankuja 1",Available from 12/20/21
"1,159 €/m","block of flats, 77.5 m²",3h+k,"Espoo
    , Soukka 
 
    , Soukankaari 5 C",Available from 12/18/21
809 €/m,"block of flats, 27.5 m²",1h+kt+var,"Espoo
    , Leppävaara 
 
    , Tulkinkuja 3",Available immediately
843 €/m,"block of flats, 37 m²",2h+kt+ransk,"Espoo
    , Olari 
 
    , Ylismäentie 12",Available immediately
839 €/m,"block of flats, 53.5 m²",2h+k,"Espoo
    , Soukka 
 
    , Kaskivuorenkuja 3 B",Available from 1/1/22
"1,256.94 €/m","row house, 93 m²",4h+k+s,"Espoo
    , Laurinlahti 
 
    , Ristiniementie 16",Available from 2/17/22
"1,250 €/m","block of flats, 64.5 m²",Pian vapautuva uudehko kolmio!,"Espoo
    , Olari 
 
    , Piispanpiha 4",Available from 12/1/21
650 €/m,"block of flats, 21.5 m²",1h+avok+p,"Espoo
    , Finnoo 
 
    , Syväsalmenkatu 9, B38",Available from 3/1/22
460 €/m,"block of flats, 20 m²","1h, 1yhteisk, jaettu kph","Espoo
    , Kilo 
 
    , Kutojantie 10",Available from 12/15/21
695 €/m,"block of flats, 33.5 m²",1h+avok+kph+s+alkovi+parveke,"Espoo
    , Viherlaakso 
 
    , Lukionahde 3 A",Available from 12/1/21
885 €/m,"block of flats, 51.5 m²",2h+kk+s+p,"Espoo
    , Tuomarila 
 
    , Lyhtykuja 2",Available immediately
929.77 €/m,"semi-detached house, 78 m²",3H+K+S,"Espoo
    , Karhusuo 
 
    , Patokuja 6 E 11",Available from 2/1/22
"1,150 €/m","block of flats, 78.5 m²",3h+k,"Espoo
    , Tuomarila 
 
    , Joupinpuisto 1 D",Available on agreement
720 €/m,"block of flats, 78.5 m²",3h+k+kph+wc+p,"Espoo
    , Soukka 
 
    , Soukankaari 8 A",Available immediately
838 €/m,"block of flats, 44.5 m²",2h+avok+kph+s+vh+lasitettu par,"Espoo
    , Matinkylä 
 
    , Puolikkotie 6 A",Available from 1/1/22
690 €/m,"balcony access block, 24 m²",1H+KT,"Espoo
 
    , Ingaksenmäki 2",Available immediately
690 €/m,"balcony access block, 24 m²",1H+KT,"Espoo
 
    , Ingaksenmäki 2",Available from 12/1/21
"1,068.33 €/m","block of flats, 75 m²",3H+K+S,"Espoo
    , Leppävaara 
 
    , Ruusutorpantie 2",Available from 2/17/22
"1,223.89 €/m","row house, 92 m²",4H+K+S,"Espoo
 
    , Lintukorpi 13",Available from 2/16/22
982 €/m,"block of flats, 49.5 m²",2H+KK+S,"Espoo
    , Espoon keskus 
 
    , Sinettikuja 2",Available immediately
937 €/m,"block of flats, 50.5 m²",2H+KK+S,"Espoo
    , Suvela 
 
    , Suvelantie 18",Available immediately
850 €/m,"block of flats, 47 m²",1H+TK+S,"Espoo
    , Tuomarila 
 
    , Tuomarilankatu 5",Available from 12/16/21
"1,330 €/m","block of flats, 73 m²",3H+KT+S,"Espoo
    , Kivenlahti 
 
    , Marinkallio 8",Available from 1/1/22
795 €/m,"block of flats, 42 m²",2h+k+kph,"Espoo
    , Haukilahti 
 
    , Ahventie 1 B",Available from 12/15/21
661 €/m,"block of flats, 30 m²",1h+kk+ransk.parv,"Espoo
    , Vesirattaanmäki 
 
    , Vesirattaanmäki 1 A",Available from 1/1/22
"1,170 €/m","block of flats, 64 m²",3h+kt,"Espoo
    , Matinkylä 
 
    , Matinkatu 22 C",Available from 1/1/22
"1,251 €/m","block of flats, 68.5 m²",3h+kt+s,"Espoo
    , Painiitty 
 
    , Lotankatu 8",Available from 12/18/21
"1,266 €/m","block of flats, 71 m²",3H+KT+S,"Espoo
    , Kilo 
 
    , Nihtitorpankuja 3",Available from 1/1/22
913 €/m,"block of flats, 65.5 m²",2H+K,"Espoo
    , Suvela 
 
    , Kirstintie 30",Available from 1/1/22
998 €/m,"block of flats, 48.5 m²",2h+k+kph+s+vh+lasitettu terass,"Espoo
    , Mankkaa 
 
    , Klovinportti 4 B",Available from 1/1/22
790 €/m,"block of flats, 40 m²",2h+kk+s,"Espoo
    , Tiistilä 
 
    , Kalastajanmäki 8",Available from 12/1/21
"1,099 €/m","block of flats, 69 m²",3h+k,"Espoo
    , Matinkylä 
 
    , Kala-Matti 3 B",Available from 1/1/22
"1,079 €/m","block of flats, 58 m²",3h+kt+s,"Espoo
    , Suurpelto 
 
    , Likusterikatu 1 D",Available from 1/1/22
729 €/m,"block of flats, 21 m²",1h+kk,"Espoo
    , Tapiola 
 
    , Jousenkaari 5 A",Available from 3/1/22
"1,313 €/m","block of flats, 81.5 m²",4h+k+s,"Espoo
    , Kilo 
 
    , Ruotutorppa 8 B",Available from 1/1/22
"1,099 €/m","block of flats, 67.5 m²",3h+k,"Espoo
    , Matinkylä 
 
    , Kala-Matti 3 A",Available from 1/1/22
879 €/m,"block of flats, 36 m²",1h+kk,"Espoo
    , Tapiola 
 
    , Elosalamantie 4 B",Available from 1/1/22
"1,142 €/m","block of flats, 80 m²",3H+K,"Espoo
    , Suvela 
 
    , Kirstintie 28",Available from 12/11/21
709.41 €/m,"block of flats, 48.5 m²",2H+KK+S,"Espoo
    , Leppävaara 
 
    , Säterinkuja 1 C 48",Available from 2/14/22
785 €/m,"block of flats, 33 m²",1h + kt + alkovi,"Espoo
    , Vermonniitty 
 
    , Kaarlo Sarkian Katu 7 A",Available from 12/1/21
999 €/m,"block of flats, 53 m²",2h+kt+s,"Espoo
    , Matinkylä 
 
    , Matinniitynkuja 8 C",Available from 1/1/22
929.94 €/m,"block of flats, 60.5 m²",3H+K,"Espoo
    , Suurpelto 
 
    , Suurpellon Puistokatu 6 A-C",Available from 2/1/22
"1,143 €/m","block of flats, 77 m²",3H+K,"Espoo
    , Suvela 
 
    , Kirstinharju 23",Available from 12/2/21
"1,319 €/m","block of flats, 94 m²",4h+k,"Espoo
    , Soukka 
 
    , Soukankaari 11 D",Available from 1/1/22
990 €/m,"block of flats, 70.5 m²",3h + k + p + s,"Espoo
    , Espoon keskus 
 
    , Kannusillankatu 10",Available from 12/31/21
841.11 €/m,"row house, 73 m²",3H+K+S,"Espoo
    , Karhusuo 
 
    , Ylämyllyntie 9 C 18",Available from 2/13/22
"1,046 €/m","block of flats, 68.5 m²",3h+k+s,"Espoo
 
    , Muurarinkuja 1 A",Available from 1/1/22
699 €/m,"block of flats, 33 m²",1h+kk+kph+parveke,"Espoo
    , Leppävaara 
 
    , Postipuuntie 1 A",Available immediately
"1,092.91 €/m","block of flats, 66.5 m²",3H+K+S,"Espoo
    , Suurpelto 
 
    , Piilipuuntie 7",Available from 12/7/21
993.7 €/m,"block of flats, 68 m²",3H+KT,"Espoo
    , Suurpelto 
 
    , Piilipuuntie 11",Available immediately
721 €/m,"balcony access block, 45.5 m²",2h+kt,"Espoo
    , Saunalahti 
 
    , Katajalaakso 1",Available from 12/1/21
963 €/m,"block of flats, 55 m²",2h+kt+s,"Espoo
    , Painiitty 
 
    , Lotankatu 3",Available from 1/1/22
"1,020 €/m","row house, 61 m²",2h+k+s,"Espoo
    , Saunalahti 
 
    , Pohjoisviitta 1 B",Available from 12/1/21
"1,069 €/m","block of flats, 57 m²",2H+KT,"Espoo
    , Kilo 
 
    , Nihtitorpankuja 3",Available immediately
919 €/m,"block of flats, 52.5 m²",2h+k+s,"Espoo
    , Niittykumpu 
 
    , Niittymaantie 1 E",Available immediately
770 €/m,"block of flats, 49 m²",1h + avok + lasit. p + s,"Espoo
    , Suurpelto 
 
    , Suurpellon Puistokatu 6",Available from 1/1/22
860 €/m,"block of flats, 42 m²",2h+kk+kph+parveke,"Espoo
    , Tapiola 
 
    , Pohjantie 2",Available immediately
943 €/m,"block of flats, 46.5 m²",2h+kt,"Espoo
    , Matinkylä 
 
    , Matinkallio 7 A",Available from 1/1/22
740 €/m,"block of flats, 38.5 m²","1h, k","Espoo
    , Kivenlahti 
 
    , Aallonkohina 8 A",Available from 12/1/21
780 €/m,"block of flats, 40 m²",1h+alkovi+avok+kph+s+las.parv.,"Espoo
    , Tuomarila 
 
    , Kulovalkeantie 14 B",
899 €/m,"block of flats, 45.5 m²",2h+kt,"Espoo
    , Soukka 
 
    , Soukanniementie 1 B",Available from 1/1/22
750 €/m,"block of flats, 33.5 m²",1h+kt+alk+kph,"Espoo
    , Olari 
 
    , Puolikuu 5 F",Available immediately
700 €/m,"block of flats, 30 m²",1h + kk,"Espoo
    , Haukilahti 
 
    , Pitkänkalliontie 11",Available immediately
999 €/m,"block of flats, 68.5 m²",3H+K,"Espoo
    , Suvela 
 
    , Joupinrinne 4",Available from 12/1/21
684.12 €/m,"block of flats, 51 m²",2H+KK+S,"Espoo
    , Saunalahti 
 
    , Tiimalasintie 4",Available from 2/13/22
962 €/m,"block of flats, 45 m²",2H+KT,"Espoo
    , Vermonniitty 
 
    , Uuno Kailaan katu 5",Available immediately
899 €/m,"block of flats, 50 m²",2h+k,"Espoo
    , Matinkylä 
 
    , Kala-Matti 3 A",Available from 1/1/22
770 €/m,"balcony access block, 53 m²",2h + k + lasit. p,"Espoo
    , Kivenlahti 
 
    , Merivirta 11",Available immediately
931 €/m,"block of flats, 45.5 m²",2h+kt+p,"Espoo
    , Olari 
 
    , Ylismäentie 12",Available immediately
895 €/m,"block of flats, 40.5 m²",1H+KT,"Espoo
    , Leppävaara 
 
    , Ajurinkuja 1",Available immediately
499 €/m,"block of flats, 20.5 m²",1H+AVOK+KPH,"Espoo
    , Olari 
 
    , Kuutamokatu 2 E",Available from 12/1/21
939 €/m,"block of flats, 59 m²",2h+k+s,"Espoo
    , Leppävaara 
 
    , Kyyhkysmäki 16 B",Available from 1/1/22
955 €/m,"block of flats, 49 m²",2H+KK,"Espoo
    , Pohjois-Tapiola 
 
    , Tietäjäntie 3",Available immediately
"1,302 €/m","block of flats, 74.5 m²",3h+kt+s,"Espoo
    , Painiitty 
 
    , Lotankatu 3",Available from 1/3/22
"1,500 €/m","block of flats, 69 m²","PARTLY FURNISHED 3r, sauna, ba...","Espoo
    , Leppävaara 
 
    , Puuportti 2",Available from 12/5/21
920 €/m,"block of flats, 45 m²",2H+KT,"Espoo
    , Vermonniitty 
 
    , Uuno Kailaan katu 5",Available immediately
"1,245 €/m","block of flats, 68 m²",3H+K+S,"Espoo
    , Matinkylä 
 
    , Markkinakatu 4 B",Available from 11/30/21
"1,047 €/m","block of flats, 53.5 m²",2H+KK+S,"Espoo
    , Matinkylä 
 
    , Markkinakatu 4 A",Available immediately
930 €/m,"block of flats, 50 m²",2H+K+S,"Espoo
    , Matinkylä 
 
    , Puntaritie 2",Available immediately
930 €/m,"block of flats, 48.5 m²",2H+KK+S,"Espoo
    , Matinkylä 
 
    , Puntaritie 2",Available from 11/30/21
996 €/m,"block of flats, 58.5 m²","2h, keit, kph, sauna, lasitett...","Espoo
    , Leppävaara 
 
    , Leppävaarankatu 17 C 20",Available immediately
690 €/m,"block of flats, 27.5 m²",1h+kk+kph+parveke,"Espoo
    , Saunalahti 
 
    , Kummelivuorentie 15 C",Available from 1/1/22
"1,000 €/m","block of flats, 44.5 m²",2 h + k + lasitettu parveke,"Espoo
    , Olari 
 
    , Piispanportti 9",Available from 12/1/21
765 €/m,"block of flats, 29 m²",1 h + k  +p,"Espoo
    , Matinkylä 
 
    , Piispankallio 4",Available from 12/1/21
597 €/m,"block of flats, 14 m²",Omahuone,"Espoo
    , Otaniemi 
 
    , Kivimiehentie 2",Available from 12/19/21
695 €/m,"block of flats, 28 m²","1h,kt,alk,kph,parv.","Espoo
    , Saunalahti 
 
    , Linjaloistonkatu 3",Available immediately
"1,410.31 €/m","row house, 106 m²",5h+k+s,"Espoo
    , Laurinlahti 
 
    , Ristiniementie 16",Available from 12/14/21
543 €/m,"block of flats, 16 m²","Omahuone, ak, jaettu kph, yhte","Espoo
    , Kuninkainen 
 
    , Herttuantie 4",Available from 12/2/21
"1,085.45 €/m","row house, 93 m²",4H+K+S,"Espoo
    , Niipperi 
 
    , Suopurontie 3 F 19",Available from 12/13/21
690 €/m,"block of flats, 20 m²",1h+avok+kph,"Espoo
    , Tapiola 
 
    , Sateentie 2 A",Available immediately
745 €/m,"block of flats, 50.5 m²",2h + kk + kph + lasitettu p,"Espoo
    , Kivenlahti 
 
    , Merivirta 11 D",Available from 12/1/21
715 €/m,"block of flats, 31 m²",1h+kt,"Espoo
    , Sepänkylä 
 
    , Peuraniitty 1",Available from 12/1/21
850 €/m,"block of flats, 50.5 m²",2 h+ kk +kph +s +lp,"Espoo
    , Espoon keskus 
 
    , Sunantie 14 A",Available from 12/1/21
870 €/m,"block of flats, 51.5 m²",2H+KH+KK,"Espoo
    , Suvela 
 
    , Kirstintie 16",Available immediately
740 €/m,"block of flats, 28.5 m²",1h + ak + lasitettu parveke,"Espoo
    , Kilo 
 
    , Kilonportti 2 A",Available from 12/1/21
"1,200 €/m","block of flats, 68.2 m²",Hyväpohjainen kolmio Otsonkall,"Espoo
 
    , Otsonkallio 3",
758.1 €/m,"block of flats, 30 m²",1 h + kk + lasitettu parveke,"Espoo
    , Matinkylä 
 
    , Matinniitynkuja 6 B",Available from 12/1/21
"2,400 €/m","single-family house, 257 m²","5h, k, 2x olohuone, 2x kph, sa","Espoo
    , Latokaski 
 
    , Kantokaski 1",
936.33 €/m,"block of flats, 59 m²",2H+K,"Espoo
    , Suurpelto 
 
    , Klariksentie 2",Available from 1/3/22
899 €/m,"block of flats, 50 m²",2H+KK+S,"Espoo
    , Kiltakallio 
 
    , Viirikuja 1 B",Available from 1/1/22
750 €/m,"block of flats, 40 m²",2h+kt,"Espoo
    , Suurpelto 
 
    , Suurpellon puistokatu 4",Available from 12/1/21
"1,116 €/m","block of flats, 67 m²",3h+kt+s,"Espoo
    , Suurpelto 
 
    , Suurpellon puistokatu 4",Available immediately
"1,023 €/m","block of flats, 60 m²",2h+kt+s,"Espoo
    , Suurpelto 
 
    , Suurpellon puistokatu 4",Available immediately
"1,095 €/m","block of flats, 68.5 m²",3h+kt+s,"Espoo
    , Suurpelto 
 
    , Suurpellon puistokatu 4",Available immediately
980 €/m,"block of flats, 55 m²",2h+kt,"Espoo
    , Leppävaara 
 
    , Mestarinkatu 8",Available immediately
820 €/m,"block of flats, 46.5 m²",2h+avok+s+p,"Espoo
    , Saunalahti 
 
    , Vanha Saunalahdentie 17",Available immediately
810 €/m,"block of flats, 55 m²","2h,k,kph,p","Espoo
    , Olari 
 
    , Länsiportti 4 A",Available immediately
"1,245 €/m","block of flats, 63 m²",3h+kt,"Espoo
    , Niittykumpu 
 
    , Niittykatu 1 E-F",Available from 12/1/21
944.22 €/m,"block of flats, 59.5 m²",3h+k+vh+parveke,"Espoo
 
    , Tillinmäentie 31 F",Available from 12/1/21
"1,082.52 €/m","block of flats, 79.5 m²",3H+K+S,"Espoo
    , Leppävaara 
 
    , Säterinrinne 2 A 14",Available from 2/12/22
915 €/m,"block of flats, 48 m²",2H+K,"Espoo
    , Leppävaara 
 
    , Leirikaari 24",Available immediately
814 €/m,"block of flats, 28 m²",1h+kt+var,"Espoo
    , Leppävaara 
 
    , Tulkinkuja 3",Available immediately
832 €/m,"block of flats, 33.5 m²",2h+kt+ransk,"Espoo
    , Olari 
 
    , Ylismäentie 12",Available immediately
788 €/m,"block of flats, 27.5 m²",1h+kt+p,"Espoo
    , Olari 
 
    , Ylismäentie 12",Available immediately
853 €/m,"block of flats, 37 m²",2h+kt+ransk,"Espoo
    , Olari 
 
    , Ylismäentie 12",Available immediately
891 €/m,"block of flats, 40.5 m²",2h+kt+ransk,"Espoo
    , Olari 
 
    , Ylismäentie 12",Available immediately
542.3 €/m,"block of flats, 35.5 m²",1H+KK,"Espoo
    , Ymmersta 
 
    , Ullantorppa 2",Available from 1/1/22
549.94 €/m,"block of flats, 36 m²",1H+KK,"Espoo
    , Ymmersta 
 
    , Ullantorppa 2",Available from 1/1/22
899 €/m,"single-family house, 30 m²",1h + kk + s,"Espoo
    , Puolarmaari 
 
    , Marjastajanpolku 4",Available immediately
985 €/m,"block of flats, 54 m²",2H+K,"Espoo
    , Suurpelto 
 
    , Piilipuuntie 25",Available from 1/1/22
790 €/m,"block of flats, 50 m²",2h+k+kph+vh+lp,"Espoo
    , Tuomarila 
 
    , Kaksoiskiventie 49 A",Available immediately
660 €/m,"block of flats, 32.5 m²",1h+avok+alkovi+kph+lp,"Espoo
    , Tuomarila 
 
    , Kaksoiskiventie 49 E",Available immediately
"1,244.76 €/m","row house, 93 m²",4h+k+s,"Espoo
    , Laurinlahti 
 
    , Ristiniementie 16",Available from 1/17/22
808 €/m,"block of flats, 18 m²","Omahuone, kph","Espoo
    , Otaniemi 
 
    , Kivimiehentie 2",Available from 12/28/21
"2,685 €/m","block of flats, 72 m²","3h, ak, kph, s, p","Espoo
    , Leppävaara 
 
    , Porarinkatu 2",Available immediately
"2,358 €/m","block of flats, 78 m²","3h, k, s, p","Espoo
    , Espoon keskus 
 
    , Reviisorinkatu 10",Available from 12/31/21
"1,210 €/m","block of flats, 68.5 m²",3H+KT+S,"Espoo
    , Espoon keskus 
 
    , Valakuja 8",Available from 1/1/22
899 €/m,"block of flats, 49.5 m²",2H+KK,"Espoo
    , Suvela 
 
    , Joupinmäenrinne 6",Available immediately
920 €/m,"block of flats, 41 m²",2h+kt+kph+vh+lasit.p,"Espoo
    , Niittykumpu 
 
    , Riihitontuntie 16 B 70",
753 €/m,"block of flats, 30 m²",1h+kt+alk.,"Espoo
    , Espoon keskus 
 
    , Suviniitynkatu 1",Available from 12/1/21
"1,203.89 €/m","block of flats, 91.5 m²",4H+K+S,"Espoo
    , Leppävaara 
 
    , Säterinrinne 2 A 07",Available from 2/10/22
950 €/m,"block of flats, 60.5 m²",2h + keittiö + WC/suihku + par...,"Espoo
    , Kivenlahti 
 
    , Ristiaallokonkatu 6 A 24",Available immediately
860 €/m,"block of flats, 46 m²",2h+kk+kph+s+vh+lasitettu p,"Espoo
    , Matinkylä 
 
    , Nelikkokuja 8 A",Available from 12/1/21
"1,049 €/m","block of flats, 62 m²",3h+kk+s,"Espoo
    , Kilo 
 
    , Ruotutorppa 8 C",Available from 1/1/22
709 €/m,"block of flats, 21 m²",1h+kk,"Espoo
    , Tapiola 
 
    , Jousenkaari 7 A",Available from 1/1/22
796 €/m,"block of flats, 33.5 m²",1h+kt,"Espoo
    , Matinkylä 
 
    , Etuniementie 1 C-E",Available immediately
840 €/m,"block of flats, 43 m²",2H+KK,"Espoo
    , Matinkylä 
 
    , Matinkatu 8",Available immediately
"1,120 €/m","block of flats, 57.5 m²",3H+KK,"Espoo
    , Espoon keskus 
 
    , Asemakuja 1",Available immediately
894 €/m,"block of flats, 63.5 m²",2H+K,"Espoo
    , Kivenlahti 
 
    , Aallonhuippu 9",Available from 12/1/21
859 €/m,"block of flats, 51.4 m²",2h+k,"Espoo
    , Viherlaakso 
 
    , Viherlaaksonranta 7 F",Available from 12/1/21
999 €/m,"block of flats, 77 m²",3h+k+kph+vh+parv.,"Espoo
    , Suvela 
 
    , Kirstinmäki 17 B",Available from 1/1/22
"1,095 €/m","block of flats, 44 m²",2h+kt,"Espoo
    , Kivenlahti 
 
    , Marinportti 4 A",Available on agreement
"1,090 €/m","block of flats, 53.5 m²",2h+kt+s,"Espoo
    , Niittykumpu 
 
    , Niittysillankulma 2 E",Available from 1/1/22
645 €/m,"block of flats, 20.5 m²","1h,kt,kh,las.parv.","Espoo
    , Saunalahti 
 
    , Tiimalasintie 6",Available from 12/1/21
927.3 €/m,"row house, 59 m²",2H+TPK+S,"Espoo
    , Nöykkiö 
 
    , Viittakorpi 2",Available from 1/1/22
754.3 €/m,"block of flats, 37.5 m²",1H+KT,"Espoo
    , Suurpelto 
 
    , Piilipuuntie 11",Available from 1/1/22
975.38 €/m,"detached house, 73.5 m²",3H+K+S,"Espoo
    , Kilo 
 
    , Haarniskakuja 6 Ja 10",Available from 2/11/22
726.46 €/m,"balcony access block, 57.5 m²",2h+k+s,"Espoo
    , Kauklahti 
 
    , Fickenkuja 2 C-E",Available from 12/1/21
"1,290 €/m","block of flats, 33 m²","1h, tk, kph, p","Espoo
    , Olari 
 
    , Länsiportti 4",Available from 12/1/21
890 €/m,"block of flats, 42 m²",2H+KT,"Espoo
    , Espoon keskus 
 
    , Kirkkojärventie 10",Available from 1/1/22
925 €/m,"block of flats, 44 m²",2H+KK,"Espoo
    , Espoon keskus 
 
    , Valakuja 8",Available immediately
"1,295 €/m","block of flats, 67 m²",3h+kk,"Espoo
    , Tapiola 
 
    , Elosalamantie 2 C",Available from 1/1/22
820 €/m,"block of flats, 28 m²",1h+kph+iso lasitettu parveke,"Espoo
    , Tapiola 
 
    , Jousenpuistonkatu 3",Available immediately
850 €/m,"block of flats, 51 m²",2H+K+KPH+LASITETTU P,"Espoo
    , Leppävaara 
 
    , Ajurinkatu 2 D",Available from 12/1/21
953 €/m,"block of flats, 44.5 m²",2h+kt,"Espoo
    , Olari 
 
    , Piispanpiha 7",Available from 12/1/21
760 €/m,"block of flats, 28.5 m²",1h+kt,"Espoo
    , Niittykumpu 
 
    , Niittykatu 1 C-D",Available from 1/3/22
"1,263 €/m","block of flats, 73.5 m²",3h+k+s,"Espoo
    , Matinkylä 
 
    , Nelikkotie 2",Available from 1/3/22
650 €/m,"block of flats, 26 m²","1h,kt.kh,rp","Espoo
    , Saunalahti 
 
    , Tyyrpuuri 2",Available immediately
"1,259 €/m","block of flats, 93 m²",4h+k,"Espoo
    , Kauklahti 
 
    , Hansatie 4 I",Available from 1/1/22
739 €/m,"block of flats, 38.5 m²",1h+k,"Espoo
    , Kivenlahti 
 
    , Aalto 4 C",Available from 1/1/22
715 €/m,"block of flats, 38 m²",1h+alk+avok+kph,"Espoo
    , Espoonlahti 
 
    , Ruorimiehenkatu 3 D",Available from 12/1/21
899 €/m,"block of flats, 51 m²",2h+k+s,"Espoo
    , Lippajärvi 
 
    , Linnustajantie 17 B",Available from 1/1/22
"1,100 €/m","block of flats, 59.5 m²","3h,k,kph,p","Espoo
    , Tapiola 
 
    , Kelohongantie 11 A",Available from 12/1/21
893.35 €/m,"row house, 84.5 m²",3H+K+S,"Espoo
    , Jouppi 
 
    , Joupinmäensyrjä 3",Available from 2/11/22
"1,398.79 €/m","semi-detached house, 100.5 m²",5H+K+S,"Espoo
    , Mankkaa 
 
    , Taavinharju 16",Available from 2/5/22
"2,200 €/m","detached house, 179 m²","5 h, k, rt, khh, s, kph, wc, v","Espoo
    , Friisilä 
 
    , Tähdenlennonkuja 4 B",Available from 1/1/22
829 €/m,"block of flats, 53.5 m²",2h+k,"Espoo
    , Soukka 
 
    , Kaskivuorenkuja 3 C",Available immediately
758 €/m,"block of flats, 26 m²",1h+kt+p,"Espoo
    , Olari 
 
    , Ylismäentie 12",Available immediately
889 €/m,"block of flats, 40.5 m²",2h+kt+ransk,"Espoo
    , Olari 
 
    , Ylismäentie 12",Available immediately
790 €/m,"block of flats, 30.5 m²","1h,kt,kh,las.parv.","Espoo
    , Leppävaara 
 
    , Armas Launiksen katu 14",Available from 12/28/21
910 €/m,"block of flats, 44 m²","2h,kt,kh,las.parv.","Espoo
    , Leppävaara 
 
    , Armas Launiksen katu 14",Available from 12/28/21
995 €/m,"block of flats, 47 m²",2h+kt,"Espoo
    , Kivenlahti 
 
    , Marinportti 3",Available from 12/1/21
"1,059.69 €/m","semi-detached house, 93.5 m²",4h+k+s,"Espoo
    , Niipperi 
 
    , Nikunmäentie 1",Available from 1/31/22
"1,282.47 €/m","row house, 109 m²",5h+k+s,"Espoo
 
    , Mindeninkuja 2",Available from 2/1/22
"1,350 €/m","block of flats, 82 m²",3H+K+S,"Espoo
    , Leppävaara 
 
    , Postipuuntie 10",Available from 11/30/21
950 €/m,"block of flats, 57 m²",2H+K+S,"Espoo
    , Leppävaara 
 
    , Postipuuntie 10",Available immediately
859 €/m,"block of flats, 37.5 m²",2h+kt,"Espoo
    , Leppävaara 
 
    , Runoratsunkatu 5 A",Available from 1/1/22
859 €/m,"block of flats, 41 m²",1h+k,"Espoo
    , Tapiola 
 
    , Kaskenkaatajantie 5 D",Available from 2/1/22
829 €/m,"block of flats, 30 m²",1h+kt,"Espoo
    , Niittykumpu 
 
    , Haukilahdenkatu 1 A",Available from 12/1/21
"1,039 €/m","block of flats, 81 m²",3+k,"Espoo
    , Soukka 
 
    , Alakartanontie 4 A",Available immediately
799 €/m,"block of flats, 49 m²",2h+kk,"Espoo
    , Karakallio 
 
    , Kotkatie 6 I",Available from 1/1/22
819.53 €/m,"block of flats, 74.5 m²",3H+K+S,"Espoo
    , Gumböle 
 
    , Hirvisuontie 5 B 25",Available from 1/28/22
792.87 €/m,"block of flats, 57.5 m²",2H+KK+S,"Espoo
    , Leppävaara 
 
    , Säterinkuja 1 C 40",Available from 1/30/22
690 €/m,"block of flats, 31.5 m²",1h+kt+kph+lasit.p,"Espoo
    , Saunalahti 
 
    , Linjaloistonkatu 7 B",Available from 12/1/21
750 €/m,"block of flats, 28.5 m²",1h+avok+kph+vh+ransk.p,"Espoo
    , Olari 
 
    , Piispanportti 9 B",Available from 12/1/21
849 €/m,"balcony access block, 63 m²",2h+k+kph+vh,"Espoo
    , Tontunmäki 
 
    , Kotitontuntie 6-8 B",Available immediately
"1,299 €/m","block of flats, 76.5 m²",3h+k+s,"Espoo
    , Leppävaara 
 
    , Porarinkatu 2 D",Available from 12/1/21
859 €/m,"block of flats, 41 m²",1h+k,"Espoo
    , Tapiola 
 
    , Kaskenkaatajantie 5 C",Available from 1/1/22
"1,600 €/m","block of flats, 66 m²",2h + avok,"Espoo
    , Kivenlahti 
 
    , Tyrskyvuori 4, as 106",Available immediately
"1,120 €/m","block of flats, 57.5 m²",3H+KK,"Espoo
    , Espoon keskus 
 
    , Asemakuja 1",Available immediately
720 €/m,"block of flats, 31 m²",1 h kt,"Espoo
    , Ymmersta 
 
    , Ullanmäentie 12 B",Available immediately
860 €/m,"block of flats, 45 m²","2h,kk,kph","Espoo
    , Matinkylä 
 
    , Aapelinkatu 9 C",Available immediately
"1,550 €/m","block of flats, 66 m²",2h + avok,"Espoo
    , Kivenlahti 
 
    , Tyrskyvuori 4, as 105",Available immediately
895 €/m,"block of flats, 43.5 m²",2H+KT,"Espoo
    , Espoon keskus 
 
    , Kirkkojärventie 10",Available immediately
714 €/m,"block of flats, 30 m²",1h+kt,"Espoo
    , Kauklahti 
 
    , Lasiportti 2",Available from 12/1/21
870 €/m,"block of flats, 42.5 m²",2H+KK,"Espoo
    , Suurpelto 
 
    , Klariksentie 6",Available from 12/1/21
693.32 €/m,"block of flats, 46.5 m²",2H+KK+S,"Espoo
    , Leppävaara 
 
    , Säterinrinne 2 B 15",Available from 2/1/22
797.62 €/m,"balcony access block, 42 m²",2h+kt,"Espoo
    , Järvenperä 
 
    , Pellaksenmäentie 13",Available immediately
"1,020.3 €/m","balcony access block, 60 m²",3h+kt+s,"Espoo
    , Järvenperä 
 
    , Pellaksenmäentie 13",Available immediately
820 €/m,"block of flats, 37.5 m²",1h+kt+s,"Espoo
    , Suurpelto 
 
    , Piilipuuntie 17",Available from 12/1/21
907 €/m,"block of flats, 47.5 m²",2h+kt+s,"Espoo
    , Suurpelto 
 
    , Piilipuuntie 17",Available from 12/1/21
811 €/m,"block of flats, 37.5 m²",1h+kt+s,"Espoo
    , Suurpelto 
 
    , Piilipuuntie 17",Available from 12/1/21
"1,643.57 €/m","semi-detached house, 117.5 m²",5h+k+s,"Espoo
    , Pohjois-Tapiola 
 
    , Metsäpirtintie 16",Available from 1/30/22
"1,754 €/m","block of flats, 46 m²",,"Espoo
    , Lintuvaara 
 
    , Lintuvaarantie 21",Available from 12/7/21
936 €/m,"block of flats, 57 m²",2H+KT,"Espoo
    , Kilo 
 
    , Nihtitorpankuja 3",Available immediately
"1,190 €/m","block of flats, 72.5 m²",3H+K+S,"Espoo
    , Ymmersta 
 
    , Ullantorpantie 1",Available from 12/1/21
"1,720 €/m","semi-detached house, 116 m²",5h+k+s,"Espoo
    , Sepänkylä 
 
    , Peuramäenkuja 3",Available immediately
684.73 €/m,"block of flats, 56.5 m²",2H+K+S,"Espoo
    , Saunalahti 
 
    , Kummelivuorentie 6",Available from 1/30/22
950 €/m,"block of flats, 44 m²","2h, kt, vh, kh, lasitettu parv","Espoo
    , Olari 
 
    , Piispanportti 9",Available from 12/1/21
986 €/m,"block of flats, 46 m²",2h+kt,"Espoo
    , Niittykumpu 
 
    , Niittyportinpolku 2 B",Available from 1/1/22
"1,102 €/m","block of flats, 50.5 m²",2H+K+S+P,"Espoo
    , Leppävaara 
 
    , Ratsukatu 4 A",Available from 1/1/22
850 €/m,"balcony access block, 58 m²",2h+k+s,"Espoo
    , Järvenperä 
 
    , Aurorankuja 5",Available from 12/16/21
748 €/m,"block of flats, 26 m²",1h+kt+p,"Espoo
    , Olari 
 
    , Ylismäentie 12",Available immediately
843 €/m,"block of flats, 37 m²",2h+kt+ransk,"Espoo
    , Olari 
 
    , Ylismäentie 12",Available immediately
853 €/m,"block of flats, 37 m²",2h+kt+ransk,"Espoo
    , Olari 
 
    , Ylismäentie 12",Available immediately
924 €/m,"block of flats, 45.5 m²",2h+kt+p,"Espoo
    , Olari 
 
    , Ylismäentie 12",Available immediately
815 €/m,"block of flats, 33.5 m²",2h+kt+ransk,"Espoo
    , Olari 
 
    , Ylismäentie 12",Available immediately
852 €/m,"block of flats, 47.5 m²",1h+tpk,"Espoo
    , Niittymaa 
 
    , Malmiportti 4 A",Available from 1/1/22
798 €/m,"block of flats, 31 m²",1H+KK,"Espoo
    , Espoon keskus 
 
    , Asemakuja 1",Available immediately
740.89 €/m,"block of flats, 48.5 m²",2H+K,"Espoo
    , Ymmersta 
 
    , Ullantorppa 2",Available from 1/1/22
950 €/m,"block of flats, 44 m²","2h, kt, vh, kh, lasitettu parv","Espoo
    , Olari 
 
    , Piispanportti 9",Available from 12/1/21
986 €/m,"block of flats, 46 m²",2h+kt,"Espoo
    , Niittykumpu 
 
    , Niittyportinpolku 2 B",Available from 1/1/22
"1,102 €/m","block of flats, 50.5 m²",2H+K+S+P,"Espoo
    , Leppävaara 
 
    , Ratsukatu 4 A",Available from 1/1/22
850 €/m,"balcony access block, 58 m²",2h+k+s,"Espoo
    , Järvenperä 
 
    , Aurorankuja 5",Available from 12/16/21
843 €/m,"block of flats, 37 m²",2h+kt+ransk,"Espoo
    , Olari 
 
    , Ylismäentie 12",Available immediately
815 €/m,"block of flats, 33.5 m²",2h+kt+ransk,"Espoo
    , Olari 
 
    , Ylismäentie 12",Available immediately
924 €/m,"block of flats, 45.5 m²",2h+kt+p,"Espoo
    , Olari 
 
    , Ylismäentie 12",Available immediately
853 €/m,"block of flats, 37 m²",2h+kt+ransk,"Espoo
    , Olari 
 
    , Ylismäentie 12",Available immediately
748 €/m,"block of flats, 26 m²",1h+kt+p,"Espoo
    , Olari 
 
    , Ylismäentie 12",Available immediately
852 €/m,"block of flats, 47.5 m²",1h+tpk,"Espoo
    , Niittymaa 
 
    , Malmiportti 4 A",Available from 1/1/22
798 €/m,"block of flats, 31 m²",1H+KK,"Espoo
    , Espoon keskus 
 
    , Asemakuja 1",Available immediately
740.89 €/m,"block of flats, 48.5 m²",2H+K,"Espoo
    , Ymmersta 
 
    , Ullantorppa 2",Available from 1/1/22
"1,116.27 €/m","detached house, 76.5 m²",3H+K+S,"Espoo
    , Laajalahti 
 
    , Hiitolantie 10",Available from 2/12/22
"1,210 €/m","block of flats, 67.5 m²",3h+kt+s,"Espoo
    , Espoon keskus 
 
    , Suviniitynkatu 1",Available from 12/1/21
650 €/m,"block of flats, 38.5 m²",1h+k+vh+kh,"Espoo
    , Kivenlahti 
 
    , Aallonkohina 8 C",Available immediately
798 €/m,"block of flats, 34 m²",1H+KT,"Espoo
    , Kivenlahti 
 
    , Marinkallio 6",Available from 1/1/22
925 €/m,"block of flats, 29 m²",1H+KT,"Espoo
    , Niittykumpu 
 
    , Koivu-Mankkaan tie 1",Available from 1/1/22
350 €/m,"single-family house, 10 m²",1h,"Espoo
    , Oittaa 
 
    , Kellokuja 4a",Available on agreement
730 €/m,"balcony access block, 36 m²",1h+k+parvi,"Espoo
    , Saunalahti 
 
    , Itäviitta 6 A",Available from 12/1/21
775 €/m,"block of flats, 29 m²",1h+kt,"Espoo
    , Vermonniitty 
 
    , Kaarlo Sarkian katu 1",
920 €/m,"block of flats, 45.5 m²",2h+kt,"Espoo
    , Vermonniitty 
 
    , Kaarlo Sarkian katu 1",
650 €/m,"block of flats, 31 m²",1h + kk,"Espoo
    , Tiistilä 
 
    , Kalastajankuja 8 C",Available from 12/1/21
956.03 €/m,"row house, 79 m²",3h+kt+s,"Espoo
    , Kauklahti 
 
    , Fickenkuja 4 A",Available from 2/4/22
"1,053 €/m","block of flats, 37 m²","1h, kk, kph, wc","Espoo
    , Otaniemi 
 
    , Kivimiehentie 2",Available immediately
460 €/m,"block of flats, 15 m²","1h, 1yhteisk, kk, jaettu kph","Espoo
    , Kilo 
 
    , Kutojantie 10",Available from 12/15/21
918 €/m,"block of flats, 59.5 m²",2H+K,"Espoo
    , Suvela 
 
    , Kirstintie 17",Available immediately
"1,190 €/m","block of flats, 66 m²",3h+avok+kph+vh+p,"Espoo
    , Tontunmäki 
 
    , Metsätontunkuja 2 A",Available from 2/1/22
695 €/m,"block of flats, 49.5 m²",2H+KK+KPH+P,"Espoo
    , Viherkallio 
 
    , Viherkallionkuja 5 A",Available immediately
758 €/m,"block of flats, 45.5 m²",1h+alk+kk+s,"Espoo
 
    , Kulovalkeantie 12 A",Available immediately
859 €/m,"block of flats, 47.5 m²",2h+kt+s,"Espoo
    , Suurpelto 
 
    , Likusterikatu 1 D",Available immediately
"1,575 €/m","semi-detached house, 99.5 m²",4h+k+s,"Espoo
    , Vanttila 
 
    , Peltomiehentie 7",Available from 12/1/21
784 €/m,"block of flats, 33 m²",1h+kt+alk,"Espoo
    , Niittykumpu 
 
    , Niittykummuntie 4 A",Available on agreement
965 €/m,"block of flats, 46.5 m²",2h+kt,"Espoo
    , Matinkylä 
 
    , Kaisankuja 1",Available from 12/15/21
955 €/m,"block of flats, 44.5 m²",2h+kt,"Espoo
    , Matinkylä 
 
    , Kaisankuja 1",Available from 12/15/21
782 €/m,"block of flats, 38.5 m²",1H+KK,"Espoo
    , Kivenlahti 
 
    , Kivenlahdenkatu 4",Available immediately
"1,038 €/m","block of flats, 62 m²",2H+K+S,"Espoo
    , Matinkylä 
 
    , Kala-Maija 3",Available immediately
827.43 €/m,"block of flats, 62 m²",2H+K+S,"Espoo
    , Leppävaara 
 
    , Kyyhkysmäki 7",Available on agreement
955 €/m,"block of flats, 59 m²",2H+K,"Espoo
    , Matinkylä 
 
    , Tiistilänkuja 3",Available immediately
850 €/m,"block of flats, 38.5 m²",2h+kt,"Espoo
    , Saunalahti 
 
    , Linjaloistonkatu 5 A",Available immediately
"1,248 €/m","block of flats, 69.5 m²",3H+K+S,"Espoo
    , Suurpelto 
 
    , Piilipuuntie 25",Available immediately
"1,004 €/m","block of flats, 59 m²",2H+K,"Espoo
    , Matinkylä 
 
    , Tiistilänkuja 1",Available immediately
645 €/m,"block of flats, 38 m²",1 h + kk,"Espoo
    , Lippajärvi 
 
    , Vilniementie 1",Available immediately
625 €/m,"block of flats, 35 m²",1h + kk,"Espoo
    , Lippajärvi 
 
    , Vilniementie 3",Available immediately
914 €/m,"block of flats, 79 m²",3 h + k + lasitettu parveke,"Espoo
    , Kauklahti 
 
    , Erik Bassen tie 14",Available immediately
625 €/m,"block of flats, 33 m²",1 h + kk,"Espoo
    , Kauklahti 
 
    , Erik Bassen tie 14",Available immediately
735 €/m,"block of flats, 49.5 m²",2 h + kk,"Espoo
    , Kauklahti 
 
    , Erik Bassen tie 14",Available immediately
"1,652 €/m","block of flats, 44 m²","2h, kk, kph, wc","Espoo
    , Tapiola 
 
    , Itäranta 13",Available from 12/7/21
"1,163 €/m","block of flats, 72 m²",3H+K,"Espoo
    , Suvela 
 
    , Kirstinharju 23",Available from 12/11/21
795 €/m,"block of flats, 31.5 m²",1h+avok+kph+lasit.p,"Espoo
    , Olari 
 
    , Ylismäentie 12 G",Available immediately
745 €/m,"block of flats, 28.5 m²",1h+avok+kph+alkovi+lasit.p,"Espoo
    , Olari 
 
    , Ylismäentie 12 G",Available immediately
975 €/m,"block of flats, 46.5 m²",2h+kt,"Espoo
    , Pohjois-Tapiola 
 
    , Metsänpojankuja 5",
970 €/m,"block of flats, 45 m²",2h+kt,"Espoo
    , Pohjois-Tapiola 
 
    , Metsänpojankuja 5",
779 €/m,"block of flats, 38.5 m²",1h+k,"Espoo
    , Kivenlahti 
 
    , Aalto 4 B",Available from 12/1/21
858 €/m,"block of flats, 30.5 m²",TPK,"Espoo
    , Matinkylä 
 
    , Rauhalanpuisto 4",Available immediately
"1,240 €/m","block of flats, 60 m²",3h+kt,"Espoo
    , Vermonniitty 
 
    , Kaarlo Sarkian katu 10 C",Available from 1/1/22
"1,150 €/m","block of flats, 76.5 m²",3h+k+kph+p (isännöitsijäntodis,"Espoo
    , Tontunmäki 
 
    , Metsätontunkuja 3 L",Available immediately
680 €/m,"block of flats, 28 m²",1H+KT,"Espoo
    , Saunalahti 
 
    , Kummelivuorentie 10",Available immediately
740 €/m,"block of flats, 36.5 m²","1h,kt,alk,kph,parv.","Espoo
    , Saunalahti 
 
    , Linjaloistonkatu 3",Available from 1/10/22
849 €/m,"block of flats, 43 m²",2h+kk,"Espoo
    , Matinkylä 
 
    , Matinkatu 10 E",Available from 1/1/22
824 €/m,"block of flats, 28 m²",1h+kt+var,"Espoo
    , Leppävaara 
 
    , Tulkinkuja 3",Available immediately
773 €/m,"block of flats, 26 m²",1h+kt+p,"Espoo
    , Olari 
 
    , Ylismäentie 12",Available immediately
750 €/m,"block of flats, 31 m²",1h+kt,"Espoo
    , Vermonniitty 
 
    , Anna Sahlsténin katu 10",Available from 12/1/21
879 €/m,"block of flats, 56.5 m²",2h+k+kph+parveke,"Espoo
    , Viherlaakso 
 
    , Viherkalliontie 1 D",Available from 1/1/22
"1,239 €/m","block of flats, 81.5 m²",3h+k,"Espoo
    , Matinkylä 
 
    , Matinkatu 10 C",Available from 12/1/21
565.21 €/m,"block of flats, 37 m²",1H+KK,"Espoo
    , Ymmersta 
 
    , Ullantorppa 2",Available from 1/1/22
890 €/m,"block of flats, 60 m²",2h + k + p,"Espoo
    , Kivenlahti 
 
    , Ristiaallokonkatu 6 A 3","Available immediately|Display 12/5/21 
                  
                    2:00 PM"
"1,029 €/m","block of flats, 52.5 m²",2h+kt,"Espoo
    , Niittykumpu 
 
    , Merituulentie 38 A",Available from 12/1/21
829 €/m,"block of flats, 49 m²",2h+kk,"Espoo
    , Karakallio 
 
    , Kotkatie 6 B",Available immediately
869 €/m,"block of flats, 49.5 m²",2h+kk,"Espoo
    , Matinkylä 
 
    , Sepetlahdentie 6 B",Available from 1/1/22
994 €/m,"block of flats, 52.5 m²",2h+k,"Espoo
    , Haukilahti 
 
    , Kiiskenevä 2 E",Available from 12/10/21
"1,180 €/m","block of flats, 56.5 m²",3h+kk,"Espoo
    , Tapiola 
 
    , Tietäjäntie 11 A",Available from 1/1/22
894.91 €/m,"block of flats, 53 m²",2H+K,"Espoo
    , Suurpelto 
 
    , Piilipuuntie 7",Available immediately
"1,210 €/m","block of flats, 67.5 m²",3h+kt+s,"Espoo
    , Espoon keskus 
 
    , Suviniitynkatu 1",Available from 12/1/21
895 €/m,"block of flats, 42.5 m²",2h+kt,"Espoo
    , Niittykumpu 
 
    , Niittykatu 1 C-D",Available from 12/1/21
702 €/m,"block of flats, 28.5 m²",1h+kt,"Espoo
    , Saunalahti 
 
    , Linjaloistonkatu 5",Available from 12/1/21
680 €/m,"block of flats, 26 m²",1h+avok+kph+et,"Espoo
    , Kivenlahti 
 
    , Tyrskyvuori 4 B",Available immediately
795 €/m,"block of flats, 33 m²",1H+KT,"Espoo
    , Saunalahti 
 
    , Saunalahdenkatu 2",Available immediately
839 €/m,"block of flats, 51.4 m²",2h+k,"Espoo
    , Viherlaakso 
 
    , Viherlaaksonranta 7 E",Available from 1/1/22
899 €/m,"block of flats, 51 m²",2h+kk+s,"Espoo
    , Soukka 
 
    , Soukankaari 12 C",Available from 1/1/22
729 €/m,"block of flats, 37 m²",1h+kk,"Espoo
    , Kauklahti 
 
    , Hansatie 4 E",Available from 1/1/22
"1,220 €/m","block of flats, 64.5 m²",3H+KT,"Espoo
    , Vermonniitty 
 
    , Runoratsunkatu 1",Available immediately
925 €/m,"block of flats, 38.5 m²",2h+kt,"Espoo
    , Pohjois-Tapiola 
 
    , Metsänpojankuja 5",
"1,280 €/m","block of flats, 69.5 m²",3h+k+s,"Espoo
    , Vermonniitty 
 
    , Perilänniitty 7 A",Available from 1/14/22
"1,073 €/m","block of flats, 39.5 m²",2H+KT,"Espoo
    , Niittykumpu 
 
    , Koivu-Mankkaan tie 1",Available immediately
695 €/m,"block of flats, 28 m²",1h + k + kph + ranskalainen pa...,"Espoo
    , Saunalahti 
 
    , Kummelivuorentie 10A",Available from 12/1/21
990 €/m,"block of flats, 60 m²",2H+K,"Espoo
    , Espoon keskus 
 
    , Asemakuja 3",Available from 2/1/22
"2,180 €/m","semi-detached house, 120 m²",5h+k+s,"Espoo
    , Nuottaniemi 
 
    , Nuottakuja 4",Available immediately
999.81 €/m,"block of flats, 76.5 m²",3H+K+S,"Espoo
    , Leppävaara 
 
    , Kyyhkysmäki 7",Available from 2/3/22
850 €/m,"block of flats, 36.5 m²",2h+kk+p,"Espoo
    , Niittykumpu 
 
    , Riihitontuntie 14",Available from 12/1/21
868 €/m,"block of flats, 39 m²",2h+kt+ransk,"Espoo
    , Olari 
 
    , Ylismäentie 12",Available immediately
"1,259.45 €/m","row house, 92 m²",4h+k+s,"Espoo
    , Laurinlahti 
 
    , Ristiniementie 20",Available from 12/7/21
869 €/m,"block of flats, 47 m²",2H+KK,"Espoo
    , Kivenlahti 
 
    , Jälkimaininki 4",Available immediately
473 €/m,"block of flats, 12 m²",Omahuone,"Espoo
    , Kivenlahti 
 
    , Aallonhuippu 4",Available from 12/24/21
778 €/m,"block of flats, 42.5 m²",2h+kt,"Espoo
    , Suurpelto 
 
    , Piilipuuntie 15 C",Available from 12/1/21
830 €/m,"block of flats, 47 m²",2h+avok+kph+s+lp,"Espoo
    , Tuomarila 
 
    , Kulovalkeantie 4 C",Available immediately
719 €/m,"block of flats, 25.5 m²",1h+avok+kph+lasitettu parveke,"Espoo
    , Tapiola 
 
    , Jousenpuistonkatu 1 B",Available immediately
750 €/m,"block of flats, 35 m²",1h+kt+kph+vh+p,"Espoo
    , Leppävaara 
 
    , Armas launiksen katu 6 A",Available from 12/1/21
"1,174.09 €/m","row house, 88 m²",4H+K,"Espoo
    , Latokaski 
 
    , Kaskimaa 4",Available immediately
650 €/m,"block of flats, 34 m²",1h + k + lasitettu parveke,"Espoo
    , Viherlaakso 
 
    , Viherkalliontie 1 D",
854 €/m,"block of flats, 32.5 m²",1h+kt,"Espoo
    , Matinkylä 
 
    , Pyyntitie 1 C",Available from 12/1/21
785 €/m,"block of flats, 33.5 m²",1h+kt,"Espoo
    , Matinkylä 
 
    , Etuniementie 1 F-G",Available immediately
949 €/m,"block of flats, 50.5 m²",2h+k+s,"Espoo
    , Matinkylä 
 
    , Nelikkotie 2",Available immediately
790 €/m,"block of flats, 36.5 m²",1H+KK,"Espoo
    , Olari 
 
    , Kuvastimentie 1 G",Available from 12/1/21
"1,245 €/m","block of flats, 60.5 m²",3h+kt,"Espoo
    , Olari 
 
    , Piispanpiha 7",Available from 12/1/21
"1,290 €/m","block of flats, 67.5 m²",3H+KT,"Espoo
    , Vermonniitty 
 
    , Uuno Kailaan katu 5",Available immediately
470.68 €/m,"block of flats, 41.5 m²",2H+KT,"Espoo
    , Saunalahti 
 
    , Magneettikatu 10",Available from 2/3/22
900 €/m,"block of flats, 42.5 m²",2H+KT+S,"Espoo
    , Olari 
 
    , Puolikuu 2 D",Available from 12/1/21
"1,083 €/m","block of flats, 50 m²",2h+kt+parveke,"Espoo
    , Tapiola 
 
    , Revontulentie 11 F",Available from 12/1/21
919 €/m,"block of flats, 49.5 m²",2H+KK+P,"Espoo
    , Olari 
 
    , Kuvastimentie 1 G",Available from 12/1/21
"1,599 €/m","block of flats, 85 m²",3h+k+s,"Espoo
    , Tapiola 
 
    , Revontulentie 11",Available from 12/1/21
995 €/m,"block of flats, 60.5 m²",2H+K,"Espoo
    , Espoon keskus 
 
    , Asemakuja 3",Available immediately
803.69 €/m,"block of flats, 63.5 m²",3H+K+S,"Espoo
    , Kilo 
 
    , Trillakatu 3",Available from 2/2/22
"1,132 €/m","block of flats, 68.5 m²",3h+k+s,"Espoo
    , Ymmersta 
 
    , Ullanmäentie 14",Available from 12/1/21
695 €/m,"block of flats, 23 m²",1h+kt+parv.,"Espoo
    , Mäkkylä 
 
    , Komendantintie 1",Available from 12/1/21
873 €/m,"block of flats, 41 m²",1H+KT,"Espoo
    , Saunalahti 
 
    , Saunalahdenkatu 2",Available immediately
899 €/m,"block of flats, 62 m²",2H+K,"Espoo
    , Kivenlahti 
 
    , Kivenlahdenkatu 6",Available immediately
"1,500 €/m","block of flats, 81 m²",4h+kt+s,"Espoo
    , Vermonniitty 
 
    , Perilänniitty 3 A",Available from 1/10/22
"1,090 €/m","block of flats, 52 m²","2h, kt, kh, lasitettu parveke","Espoo
    , Olari 
 
    , Piispanportti 9",Available from 12/1/21
"1,050 €/m","block of flats, 52 m²","2h, kt, kh, terassiparveke + p","Espoo
    , Olari 
 
    , Piispanportti 9",Available from 12/1/21
870 €/m,"block of flats, 41.5 m²","2h, kt, kh, rasnkalainen parve","Espoo
    , Olari 
 
    , Piispanportti 9",Available from 12/1/21
"1,030 €/m","block of flats, 52 m²","2h, kt, kh, lasitettu parveke","Espoo
    , Olari 
 
    , Piispanportti 9",Available from 12/1/21
630 €/m,"block of flats, 22.5 m²",1h + k + parveke,"Espoo
    , Eestinlaakso 
 
    , Eestinlaakso 11 A 13",Available from 12/1/21
730 €/m,"block of flats, 28 m²",1h+kt,"Espoo
    , Vermonniitty 
 
    , Anna Sahlsténin katu 10",Available immediately
890 €/m,"block of flats, 50 m²",2 h+k+s,"Espoo
    , Tuomarila 
 
    , Ratavallintie 8",Available from 12/1/21
910 €/m,"block of flats, 33 m²",1H+KT,"Espoo
    , Vermonniitty 
 
    , Uuno Kailaan katu 5",Available immediately
872 €/m,"block of flats, 49.5 m²",2H+KK,"Espoo
    , Suvela 
 
    , Joupinmäenrinne 6",Available immediately
"1,330 €/m","block of flats, 69 m²",3H+KT+KPH+S,"Espoo
    , Tapiola 
 
    , Neulaspolku 1",Available from 12/1/21
955 €/m,"block of flats, 59 m²",2H+KT,"Espoo
    , Suurpelto 
 
    , Suurpellon Puistokatu 12",Available immediately
970 €/m,"block of flats, 56.5 m²",2H+KT,"Espoo
    , Suurpelto 
 
    , Suurpellon Puistokatu 12",Available immediately
"1,497 €/m","block of flats, 27 m²","1h, ak, kph","Espoo
    , Tapiola 
 
    , Elosalamantie 2",Available immediately
924 €/m,"block of flats, 51 m²",2h+k+s,"Espoo
    , Tuomarila 
 
    , Kulovalkeantie 17",Available from 12/1/21
889 €/m,"block of flats, 47.5 m²",2h+kt,"Espoo
    , Saunalahti 
 
    , Paapuuri 4",Available immediately
"1,276 €/m","block of flats, 67.5 m²",3h+kt+s+p,"Espoo
    , Perkkaa 
 
    , Perkkaantie 3",Available from 12/1/21
"1,198 €/m","block of flats, 76 m²",3h+k+s,"Espoo
    , Tuomarila 
 
    , Tuomarilankatu 1",Available from 12/1/21
930 €/m,"block of flats, 49.5 m²",2h+kk,"Espoo
    , Olari 
 
    , Kuvastimentie 1 F",Available from 12/1/21
905 €/m,"block of flats, 40.5 m²",2h+kt,"Espoo
    , Vermonniitty 
 
    , Kaarlo Sarkian katu 10 C",Available from 12/1/21
715 €/m,"block of flats, 26 m²",1h+kt,"Espoo
    , Vermonniitty 
 
    , Kaarlo Sarkian katu 10 C",Available from 12/1/21
870 €/m,"block of flats, 47 m²",2h+k,"Espoo
    , Matinkylä 
 
    , Nelikkotie 8 C",Available from 12/10/21
839 €/m,"block of flats, 32 m²",1h+kk,"Espoo
    , Tapiola 
 
    , Elosalamantie 4 E",Available from 1/1/22
650 €/m,"block of flats, 22.5 m²",1h+kt+parveke,"Espoo
    , Nöykkiö 
 
    , Eestinlaakso 11",Available from 1/1/22
729 €/m,"block of flats, 37 m²",1h+kk,"Espoo
    , Kauklahti 
 
    , Hansatie 4 F",Available from 12/1/21
"1,000 €/m","block of flats, 45.5 m²",2H+KK+S+P,"Espoo
    , Leppävaara 
 
    , Ratsukatu 4 B",Available from 12/1/21
979 €/m,"block of flats, 53 m²",2h+kt,"Espoo
 
    , Piispanpiha 5 A",Available from 12/1/21
915 €/m,"block of flats, 53 m²",2h+k,"Espoo
    , Matinkylä 
 
    , Nelikkotie 8 B",Available from 12/10/21
890 €/m,"balcony access block, 45 m²",2h+kk+s,"Espoo
    , Tontunmäki 
 
    , Nokitontunkuja 2",Available immediately
"3,600 €/m","row house, 184 m²","5 h+k+rt+kph/wc, khh,sauna, ty","Espoo
    , Westend 
 
    , Mäenrinne 8",Available immediately
"1,210 €/m","block of flats, 68.5 m²",3H+KT+S,"Espoo
    , Espoon keskus 
 
    , Valakuja 8",Available immediately
"1,104 €/m","block of flats, 69.5 m²",3H+K+S,"Espoo
    , Suvela 
 
    , Suvelantie 18",Available from 1/1/22
"1,091 €/m","block of flats, 55 m²",3H+KT,"Espoo
    , Saunalahti 
 
    , Saunalahdenkatu 2",Available from 12/4/21
829 €/m,"block of flats, 31 m²",1h+kt,"Espoo
    , Niittykumpu 
 
    , Merituulentie 38 A",Available from 12/1/21
823 €/m,"block of flats, 34 m²",1H+KT,"Espoo
    , Kivenlahti 
 
    , Marinkallio 6",Available from 1/1/22
"1,050 €/m","block of flats, 76 m²",3 h + k + lasitettu parveke,"Espoo
    , Karakallio 
 
    , Karakalliontie 3, 5. krs",Available from 12/1/21
822 €/m,"block of flats, 33.5 m²",2h+kt+ransk,"Espoo
    , Olari 
 
    , Ylismäentie 12",Available immediately
979.12 €/m,"block of flats, 56.5 m²",2h+k+s+parv,"Espoo
    , Matinkylä 
 
    , Matinkallio 2",Available immediately
904.5 €/m,"block of flats, 57 m²",2H+K,"Espoo
    , Suurpelto 
 
    , Piilipuuntie 7",Available immediately
"1,099.39 €/m","block of flats, 73.5 m²",3H+K+S,"Espoo
    , Suurpelto 
 
    , Piilipuuntie 9 B",Available immediately
"1,196.75 €/m","block of flats, 76.5 m²",3H+K,"Espoo
    , Leppävaara 
 
    , Leppäviita 1",Available immediately
"1,135.61 €/m","block of flats, 79.5 m²",3H+K+S,"Espoo
    , Suurpelto 
 
    , Piilipuuntie 11",Available immediately
617.91 €/m,"block of flats, 44.5 m²",2H+KK+S,"Espoo
    , Leppävaara 
 
    , Kyyhkysmäki 7",Available from 1/30/22
"1,335 €/m","block of flats, 100.5 m²",4H+K,"Espoo
    , Kivenlahti 
 
    , Kivenlahdenkatu 5",Available immediately
845 €/m,"block of flats, 36 m²",1H+KT,"Espoo
    , Leppävaara 
 
    , Ajurinkuja 1",Available from 12/5/21
760 €/m,"block of flats, 28 m²",1 h + kk + parv.,"Espoo
    , Westend 
 
    , Alalinnake 1 E 45",Available from 12/1/21
543 €/m,"block of flats, 14 m²","Omahuone, ak, jaettu kph, yhte","Espoo
    , Kuninkainen 
 
    , Herttuantie 4",Available from 12/31/21
"2,007 €/m","semi-detached house, 60 m²","3h, kph, wc","Espoo
 
    , Isäntärengintie 6",Available from 12/3/21
935 €/m,"block of flats, 44 m²",2H+KT,"Espoo
    , Espoonlahti 
 
    , Ulappakatu 1",Available from 1/1/22
"1,149 €/m","block of flats, 72.5 m²",3h+k+s,"Espoo
    , Karakallio 
 
    , Tähtimötie 1 D",Available from 12/1/21
915 €/m,"block of flats, 42.5 m²",2H+KT,"Espoo
    , Tuomarila 
 
    , Kulovalkeantie 21",Available immediately
829 €/m,"block of flats, 32 m²",1h+k,"Espoo
    , Matinkylä 
 
    , Matinniitynkuja 8 B",Available from 2/1/22
879 €/m,"block of flats, 48.5 m²",2h+k+s,"Espoo
    , Kilo 
 
    , Vanharaide 1 A",Available from 12/1/21
759 €/m,"block of flats, 27 m²",1h+kk,"Espoo
    , Matinkylä 
 
    , Matinkatu 10 B",Available from 1/1/22
920 €/m,"block of flats, 62 m²",2H+K,"Espoo
    , Kivenlahti 
 
    , Kivenlahdenkatu 6",Available immediately
"1,069 €/m","block of flats, 53.5 m²",2H+KT+S,"Espoo
    , Vermonniitty 
 
    , Uuno Kailaan katu 5",Available immediately
868 €/m,"block of flats, 37 m²",1H+KT,"Espoo
    , Niittykumpu 
 
    , Niittykatu 15",Available from 12/2/21
"2,862 €/m","block of flats, 89 m²","4h, ak, kph, s, 2wc, p","Espoo
    , Rastaala 
 
    , Ratamotie 6",
899 €/m,"block of flats, 45.5 m²",2H+KT,"Espoo
    , Saunalahti 
 
    , Saunalahdenkatu 2",Available immediately
725 €/m,"block of flats, 39.5 m²",1h + k + parveke,"Espoo
    , Soukka 
 
    , Soukankaari 2",Available immediately
779 €/m,"block of flats, 33 m²",1h+kt,"Espoo
    , Leppävaara 
 
    , Runoratsunkatu 5 A",Available from 12/1/21
"1,079 €/m","block of flats, 78 m²",3h+k+s,"Espoo
    , Nöykkiö 
 
    , Eestintaival 3 D",Available from 12/1/21
"1,149 €/m","block of flats, 71 m²",3h+k+s,"Espoo
    , Leppävaara 
 
    , Porarinkatu 8 A",Available from 12/1/21
839 €/m,"block of flats, 62 m²",2h+k,"Espoo
    , Kivenlahti 
 
    , Aalto 4 B",Available immediately
"1,337 €/m","block of flats, 67.5 m²",3H+KT,"Espoo
    , Vermonniitty 
 
    , Uuno Kailaan katu 5",Available immediately
532.78 €/m,"block of flats, 42.5 m²",1h+tupak+s,"Espoo
    , Suvela 
 
    , Suvelantie 16",Available from 12/31/21
644 €/m,"block of flats, 14 m²","Omahuone, jaettu kph","Espoo
    , Otaniemi 
 
    , Kivimiehentie 2",Available from 12/29/21
"1,441 €/m","block of flats, 20 m²","1h, ak, kph, yhteistilat","Espoo
    , Leppävaara 
 
    , Porarinkatu 1",Available immediately
"2,688 €/m","block of flats, 76 m²",,"Espoo
 
    , Valurinkuja 2",Available immediately
"1,150 €/m","block of flats, 77 m²",3H+K,"Espoo
    , Suvela 
 
    , Kirstinharju 23",Available immediately
882 €/m,"block of flats, 44.5 m²",2h+kt,"Espoo
    , Saunalahti 
 
    , Saunalahdenkatu 1 B",Available from 12/1/21
795 €/m,"block of flats, 31.5 m²",1h+kt+alk,"Espoo
    , Vermonniitty 
 
    , Kaarlo Sarkian katu 10 C",Available from 12/1/21
916 €/m,"block of flats, 49.5 m²",2h+kt,"Espoo
    , Kilo 
 
    , Nihtitorpankuja 5 A",Available from 12/1/21
802 €/m,"block of flats, 39 m²",1h+kt,"Espoo
    , Saunalahti 
 
    , Saunalahdenkatu 1 A",Available from 12/8/21
824 €/m,"block of flats, 54 m²",2h+kt+s,"Espoo
    , Lasilaakso 
 
    , Lasimäki 2",Available immediately
850 €/m,"block of flats, 43 m²",2H+KK,"Espoo
    , Matinkylä 
 
    , Matinkatu 8",Available immediately
"1,060 €/m","block of flats, 52 m²",2h+k+var,"Espoo
    , Olari 
 
    , Piispanportti 9",Available from 12/1/21
"1,050 €/m","block of flats, 51 m²",2h+kt,"Espoo
    , Olari 
 
    , Piispanportti 9",Available from 12/1/21
829 €/m,"block of flats, 53.5 m²",2h+k,"Espoo
    , Soukka 
 
    , Kaskivuorenkuja 3 B",Available from 12/1/21
"1,129 €/m","block of flats, 60.5 m²",3h+k,"Espoo
    , Tapiola 
 
    , Jousenkaari 5 A",Available from 12/1/21
"1,099 €/m","block of flats, 74.5 m²",3h+k,"Espoo
    , Karakallio 
 
    , Kotkatie 6 C",Available from 12/1/21
"1,069 €/m","block of flats, 62 m²",3h+kk+s,"Espoo
    , Kilo 
 
    , Ruotutorppa 8 C",Available from 12/1/21
910 €/m,"block of flats, 40.5 m²",2H+KK,"Espoo
    , Espoon keskus 
 
    , Valakuja 8",Available from 12/2/21
810 €/m,"block of flats, 44 m²",2h+kk+s,"Espoo
    , Tuomarila 
 
    , Kulovalkeantie 17",Available immediately
868 €/m,"block of flats, 33 m²",1H+KT,"Espoo
    , Niittykumpu 
 
    , Koivu-Mankkaan tie 1",Available immediately
930 €/m,"block of flats, 53.5 m²",2h+k+s+parv.,"Espoo
    , Perkkaa 
 
    , Perkkaantie 3",Available immediately
920 €/m,"block of flats, 53.5 m²",2h+k+s+parv.,"Espoo
    , Perkkaa 
 
    , Perkkaantie 3",Available immediately
"1,089 €/m","block of flats, 67.5 m²",3h+kk+s,"Espoo
    , Leppävaara 
 
    , Perkkaankuja 3 A",Available from 12/1/21
"1,070 €/m","block of flats, 53.5 m²",3h+kt,"Espoo
    , Niittykumpu 
 
    , Niittykatu 10 C",Available from 1/1/22
940 €/m,"block of flats, 48 m²",2h+kk,"Espoo
    , Haukilahti 
 
    , Kiiskenevä 2 E",Available from 12/1/21
946 €/m,"block of flats, 51 m²",2H+KK+S,"Espoo
    , Tiistilä 
 
    , KALAONNENTIE 3 A",Available from 12/15/21
964 €/m,"block of flats, 56.5 m²",2H+K+S,"Espoo
    , Tiistilä 
 
    , KALAONNENTIE 3 C",Available from 1/1/22
895 €/m,"block of flats, 48 m²",2H+K,"Espoo
    , Suurpelto 
 
    , Suurpellon Puistokatu 14",Available immediately
"1,140 €/m","block of flats, 77 m²",3H+K,"Espoo
    , Suvela 
 
    , Kirstinharju 23",Available immediately
949 €/m,"block of flats, 33 m²",1H+KT,"Espoo
    , Niittykumpu 
 
    , Koivu-Mankkaan tie 1",Available immediately
875 €/m,"block of flats, 55 m²",2h+kk+s,"Espoo
 
    , Muurarinkuja 1 D",Available from 12/8/21
882 €/m,"block of flats, 47.5 m²",2h+k,"Espoo
    , Matinkylä 
 
    , Nelikkotie 8 B",Available from 12/1/21
662 €/m,"block of flats, 23 m²",1h+kt,"Espoo
    , Niittykumpu 
 
    , Niittykatu 10 C",Available from 12/1/21
850 €/m,"block of flats, 30.5 m²",1h+kt+alkovi,"Espoo
    , Pohjois-Tapiola 
 
    , Metsänpojankuja 5",
718 €/m,"block of flats, 29.5 m²",1h+avok+vh+kph,"Espoo
    , Olari 
 
    , Piispanportti 9 C",Available immediately
"1,099 €/m","block of flats, 74.5 m²",3h+k,"Espoo
    , Karakallio 
 
    , Kotkatie 6 B",Available from 12/1/21
"1,079 €/m","block of flats, 80 m²",3h+k,"Espoo
    , Soukka 
 
    , Soukankaari 13 D",Available from 12/1/21
845 €/m,"block of flats, 46 m²",2H+KK,"Espoo
    , Suvela 
 
    , Kirstinharju 23",Available immediately
869 €/m,"block of flats, 40 m²",2h+k,"Espoo
    , Tapiola 
 
    , Jousenkaari 7 A",Available from 12/1/21
839 €/m,"block of flats, 62 m²",2h+k,"Espoo
    , Soukka 
 
    , Soukankaari 13 A",Available from 12/1/21
999 €/m,"block of flats, 56 m²",2h+k+s,"Espoo
    , Leppävaara 
 
    , Huvilinnantie 6 A",Available from 12/1/21
"1,147 €/m","block of flats, 73 m²",3H+K+S,"Espoo
    , Kilo 
 
    , PUISTOPIHA 2 B",Available from 12/15/21
855 €/m,"block of flats, 46 m²",2H+KK,"Espoo
    , Suvela 
 
    , Kirstinharju 23",Available immediately
680 €/m,"balcony access block, 28.5 m²","1h,kt","Espoo
    , Järvenperä 
 
    , Viljatullintie 2-4",Available from 12/1/21
"1,149 €/m","block of flats, 71 m²",3h+k+s,"Espoo
    , Leppävaara 
 
    , Kyyhkysmäki 16 B",Available from 12/1/21
"1,295 €/m","block of flats, 68 m²",3h+kk,"Espoo
    , Tapiola 
 
    , Elosalamantie 4 C",Available from 12/1/21
839 €/m,"block of flats, 42.5 m²",2h+kt,"Espoo
    , Suurpelto 
 
    , Likusterikatu 1 D",Available from 12/1/21
899 €/m,"block of flats, 53.5 m²",2h+kt,"Espoo
    , Suurpelto 
 
    , Henttaan puistokatu 8 A",Available from 12/1/21
503.76 €/m,"block of flats, 36 m²",1H+KK+S,"Espoo
    , Kilo 
 
    , Trillakatu 2",Available from 12/15/21
899 €/m,"block of flats, 56 m²",2h+k,"Espoo
    , Matinkylä 
 
    , Matinkatu 10 F",Available immediately
899 €/m,"block of flats, 59.5 m²",2H+K,"Espoo
    , Saarniraivio 
 
    , Saarnimäenkuja 4",Available immediately
700 €/m,"block of flats, 23.5 m²",1h+kt,"Espoo
    , Niittykumpu 
 
    , Niittyportti 17 B 59",Available from 1/31/22
750 €/m,"single-family house, 26.5 m²",1+KT,"Espoo
    , Espoonlahti 
 
    , Kipparinkatu 4A A 22",Available from 12/30/21
710.8 €/m,"block of flats, 48.5 m²",2H+KK+S,"Espoo
    , Leppävaara 
 
    , Säterinkuja 1 B 33",Available from 2/1/22
933 €/m,"block of flats, 46.5 m²",2h+kt,"Espoo
    , Matinkylä 
 
    , Matinkallio 7 A",Available from 12/1/21
"1,060 €/m","block of flats, 57 m²",3h+kt,"Espoo
    , Saunalahti 
 
    , Tyyrpuuri 4 A",Available from 12/1/21
840 €/m,"block of flats, 42 m²",2h+kt+kh,"Espoo
    , Painiitty 
 
    , Lotankatu 5 D",Available from 12/1/21
"2,010 €/m","row house, 106 m²",3h+k+s,"Espoo
    , Matinkylä 
 
    , Koukkuniementie 10",Available immediately
799 €/m,"block of flats, 39.5 m²",2h+kk,"Espoo
    , Laajalahti 
 
    , Kirvuntie 18 A-B A",Available from 12/1/21
913 €/m,"block of flats, 38.5 m²",2h+kt,"Espoo
    , Matinkylä 
 
    , Pyyntitie 1 C",Available from 12/1/21
"1,145 €/m","block of flats, 71.5 m²",3H+K,"Espoo
    , Espoon keskus 
 
    , Sinettikuja 3",Available immediately
869 €/m,"block of flats, 45.5 m²",2h+kk+s,"Espoo
    , Rastaspuisto 
 
    , Tähtimötie 2 C",Available from 12/1/21
881 €/m,"block of flats, 59.5 m²",2H+K,"Espoo
    , Saarniraivio 
 
    , Saarnimäenkuja 4",Available immediately
600 €/m,"block of flats, 26 m²","1h,kk,kph","Espoo
    , Lähderanta 
 
    , Lähderanta 11 A",Available immediately
870 €/m,"block of flats, 43 m²",2h+kk+kph+p,"Espoo
 
    , Piispankallio 6 A",Available from 12/1/21
"1,157.23 €/m","row house, 94 m²",4H+K+S,"Espoo
    , Kauklahti 
 
    , Voudinkuja 3",Available from 1/29/22
895 €/m,"block of flats, 42.5 m²",2h+kt,"Espoo
    , Niittykumpu 
 
    , Niittykatu 1 E-F",Available from 12/1/21
822 €/m,"block of flats, 33 m²",2H+KT,"Espoo
    , Espoon keskus 
 
    , Asemakuja 1",Available immediately
959 €/m,"block of flats, 44 m²",2h+kk+s,"Espoo
    , Leppävaara 
 
    , Rummunlyöjänkatu 11 E",Available from 12/1/21
899 €/m,"block of flats, 49 m²",2h+k+s,"Espoo
    , Kilo 
 
    , Vanharaide 1 B",Available from 12/1/21
880 €/m,"block of flats, 59.5 m²",2H+K,"Espoo
    , Suvela 
 
    , Joupinmäenrinne 6",Available immediately
"1,059 €/m","block of flats, 61 m²",2h+k+s,"Espoo
    , Leppävaara 
 
    , Porarinkatu 2 D",Available from 1/1/22
913 €/m,"detached house, 83 m²",2H+K+S,"Espoo
    , Näkinkylä 
 
    , Hämäläistentie 35",Available from 1/28/22
"1,091.66 €/m","block of flats, 83 m²",4H+K+S,"Espoo
    , Leppävaara 
 
    , Kyyhkysmäki 24",Available immediately
980 €/m,"block of flats, 53 m²",2H+KT+S,"Espoo
    , Kilo 
 
    , Nihtitorpankuja 3",Available immediately
895 €/m,"block of flats, 45.5 m²",2H+KT,"Espoo
    , Saunalahti 
 
    , Saunalahdenkatu 2",Available immediately
785 €/m,"block of flats, 32.5 m²",1H+KT,"Espoo
    , Saunalahti 
 
    , Saunalahdenkatu 2",Available immediately
785 €/m,"block of flats, 33 m²",1H+KT,"Espoo
    , Saunalahti 
 
    , Saunalahdenkatu 2",Available immediately
"1,235.52 €/m","semi-detached house, 104 m²",4h+k+s+ask,"Espoo
 
    , Örkkiniityntie 17",Available from 1/28/22
870 €/m,"block of flats, 43 m²",2H+KT,"Espoo
    , Tuomarila 
 
    , Kulovalkeantie 21",Available immediately
919 €/m,"block of flats, 58.5 m²",2h+k,"Espoo
    , Matinkylä 
 
    , Sepetlahdentie 6 B",Available from 12/1/21
"1,329 €/m","block of flats, 66 m²",3h+kt+s,"Espoo
    , Niittykumpu 
 
    , Taivalmäki 5 B",Available from 12/15/21
939 €/m,"block of flats, 41 m²",2h+kt,"Espoo
    , Niittykumpu 
 
    , Haukilahdenkatu 1 A",Available from 12/1/21
875 €/m,"block of flats, 45 m²",2H+KK,"Espoo
    , Espoon keskus 
 
    , Asemakuja 1",Available immediately
860 €/m,"block of flats, 41.5 m²",2H+KK,"Espoo
    , Espoon keskus 
 
    , Asemakuja 1",Available immediately
815 €/m,"block of flats, 36.5 m²",1H+KK,"Espoo
    , Espoon keskus 
 
    , Asemakuja 1",Available immediately
895 €/m,"block of flats, 46 m²",2H+KK,"Espoo
    , Espoon keskus 
 
    , Asemakuja 1",Available immediately
885 €/m,"block of flats, 45 m²",2H+KK,"Espoo
    , Espoon keskus 
 
    , Asemakuja 1",Available immediately
880 €/m,"block of flats, 45 m²",2H+KK,"Espoo
    , Espoon keskus 
 
    , Asemakuja 1",Available immediately
875 €/m,"block of flats, 44 m²",1H+KK,"Espoo
    , Espoon keskus 
 
    , Asemakuja 1",Available immediately
895 €/m,"block of flats, 46 m²",2H+KK,"Espoo
    , Espoon keskus 
 
    , Asemakuja 1",Available immediately
865 €/m,"block of flats, 44.5 m²",2H+KK,"Espoo
    , Espoon keskus 
 
    , Asemakuja 1",Available immediately
935 €/m,"block of flats, 56 m²",2H+K,"Espoo
    , Espoon keskus 
 
    , Asemakuja 1",Available immediately
945 €/m,"block of flats, 46 m²",2H+KK,"Espoo
    , Espoon keskus 
 
    , Asemakuja 1",Available immediately
810 €/m,"block of flats, 36.5 m²",1H+KK,"Espoo
    , Espoon keskus 
 
    , Asemakuja 1",Available immediately
880 €/m,"block of flats, 45.5 m²",2H+KK,"Espoo
    , Espoon keskus 
 
    , Asemakuja 1",Available immediately
829 €/m,"block of flats, 31 m²",1h+kt,"Espoo
    , Niittykumpu 
 
    , Niittysillankulma 2 C",Available from 12/1/21
849 €/m,"block of flats, 60.5 m²",2h+k,"Espoo
    , Laajalahti 
 
    , Kirvuntie 18 C-D D",Available from 12/1/21
829 €/m,"block of flats, 30 m²",1h+kt,"Espoo
    , Niittykumpu 
 
    , Haukilahdenkatu 1 A",Available from 12/1/21
965 €/m,"block of flats, 45.5 m²",2H+KK+S,"Espoo
    , Matinkylä 
 
    , Markkinakatu 4 A",Available immediately
"1,200 €/m","block of flats, 64.5 m²",3H+KT,"Espoo
    , Vermonniitty 
 
    , Anna Sahlsténin katu 8",Available immediately
"2,171 €/m","block of flats, 46 m²","2h, ak, kph, p","Espoo
    , Niittykumpu 
 
    , Niittymaantie 10",Available from 12/15/21
543 €/m,"block of flats, 8 m²","Omahuone, ak, jaettu kph, yhte","Espoo
    , Kuninkainen 
 
    , Herttuantie 4",Available immediately
"1,020 €/m","block of flats, 46 m²",2H+KT,"Espoo
    , Vermonniitty 
 
    , Uuno Kailaan katu 4",Available from 1/1/22
899 €/m,"block of flats, 54 m²",2h+k+s,"Espoo
    , Leppävaara 
 
    , Kyyhkysmäki 16 A",Available from 12/1/21
"1,199 €/m","block of flats, 52 m²",2h+kk+s,"Espoo
    , Tapiola 
 
    , Neulaspolku 2 A",Available from 1/1/22
720 €/m,"block of flats, 31 m²",1h+kt,"Espoo
    , Ymmersta 
 
    , Ullanmäentie 14",Available from 12/1/21
931 €/m,"block of flats, 51 m²",2h+k+s,"Espoo
    , Tuomarila 
 
    , Kulovalkeantie 17",Available from 12/1/21
"1,195 €/m","block of flats, 67.5 m²",3h+kt+s,"Espoo
    , Tuomarila 
 
    , Ratalaaksonkuja 14",Available from 12/1/21
799 €/m,"block of flats, 42.5 m²",2h+kt+p,"Espoo
    , Saunalahti 
 
    , Tiimalasintie 5 A",Available from 12/1/21
"1,384 €/m","block of flats, 71.5 m²",3h+kt+s,"Espoo
    , Leppävaara 
 
    , Vallikatu 15 B",Available from 12/1/21
"1,395 €/m","block of flats, 71.5 m²",3h+kt+s,"Espoo
    , Leppävaara 
 
    , Vallikatu 15 A",Available from 12/1/21
599 €/m,"block of flats, 27 m²",1H+KK+KPH+ALKOVI,"Espoo
    , Lähderanta 
 
    , Lähderanta 20 E",Available immediately
"1,000 €/m","block of flats, 54 m²",2h+kt+alkovi,"Espoo
    , Vermonniitty 
 
    , Kaarlo Sarkian katu 1",
890 €/m,"block of flats, 43 m²",2h+kt,"Espoo
    , Vermonniitty 
 
    , Kaarlo Sarkian katu 1",
"1,240 €/m","block of flats, 64 m²",3h+kt+parveke,"Espoo
    , Kilo 
 
    , Multahaankuja 8",Available from 12/20/21
678.96 €/m,"block of flats, 48.5 m²",2H+KK+S,"Espoo
    , Leppävaara 
 
    , Kyyhkysmäki 12",Available from 1/27/22
839 €/m,"block of flats, 49.5 m²",2h+kk+s,"Espoo
    , Nöykkiö 
 
    , Eestintaival 3 E",Available from 12/1/21
995 €/m,"block of flats, 56.5 m²",3h+avok,"Espoo
    , Kauklahti 
 
    , Hansakallio 3 A",Available from 12/1/21
"1,313.81 €/m","row house, 92.5 m²",4H+K+S,"Espoo
    , Iivisniemi 
 
    , Arttelikuja 1",Available immediately
"1,329 €/m","block of flats, 66 m²",3h+kt+s,"Espoo
    , Niittykumpu 
 
    , Taivalmäki 5 A",Available from 12/1/21
839 €/m,"block of flats, 59 m²",2h+k,"Espoo
    , Soukka 
 
    , Soukankaari 13 G",Available from 12/1/21
872 €/m,"block of flats, 46 m²",2H+KK,"Espoo
    , Suvela 
 
    , Kirstinharju 23",Available immediately
"1,279 €/m","block of flats, 77.5 m²",3h+k+s,"Espoo
    , Leppävaara 
 
    , Bertel Jungin aukio 4 C",Available from 12/1/21
"1,000 €/m","single-family house, 41 m²",1h+avok+kph+parveke,"Espoo
    , Kavallinmäki 
 
    , Kavallinrinne 8",Available from 12/1/21
829 €/m,"block of flats, 55 m²",2+k,"Espoo
    , Soukka 
 
    , Alakartanontie 4 A",Available from 12/1/21
846 €/m,"block of flats, 44.5 m²",2h+kt+s+vh,"Espoo
    , Painiitty 
 
    , Lotankatu 8",Available from 12/1/21
935 €/m,"block of flats, 49 m²",2h+kt,"Espoo
    , Leppävaara 
 
    , Mestarinkatu 12",Available immediately
829 €/m,"block of flats, 41.5 m²",2h+kk,"Espoo
    , Tuomarila 
 
    , Kulovalkeantie 22 A",Available from 12/1/21
855 €/m,"block of flats, 41.5 m²",2H+KT,"Espoo
    , Espoon keskus 
 
    , Kirkkojärventie 10",Available immediately
860 €/m,"block of flats, 40 m²",2H+KK,"Espoo
    , Laaksolahti 
 
    , Rastasniityntie 1",Available immediately
"1,009.24 €/m","block of flats, 78 m²",3h+k+s,"Espoo
    , Kilo 
 
    , Kilonpurontie 2",Available from 1/1/22
680 €/m,"block of flats, 27 m²",1h+kt,"Espoo
    , Espoonlahti 
 
    , Kipparinkatu 4 A",Available from 12/30/21
864 €/m,"block of flats, 51.5 m²",2h+kk+s,"Espoo
 
    , Muurarinkuja 1 E",Available from 12/8/21
840 €/m,"block of flats, 48.5 m²",2h+kt+kh,"Espoo
    , Painiitty 
 
    , Lotankatu 5 D",Available from 12/1/21
799 €/m,"block of flats, 39.5 m²",2h+kk,"Espoo
    , Laajalahti 
 
    , Kirvuntie 18 A-B A",Available immediately
"1,099 €/m","block of flats, 64 m²",3h+k+s,"Espoo
    , Matinkylä 
 
    , Kala-Maija 4 A",Available from 12/16/21
865.9 €/m,"row house, 68 m²",3H+K+S,"Espoo
    , Muurala 
 
    , Espoontie 12",Available from 2/1/22
406.3 €/m,"block of flats, 28.5 m²",1H+KK,"Espoo
    , Saunalahti 
 
    , Kummelivuorentie 6",Available from 1/6/22
998 €/m,"block of flats, 63.5 m²",3h+avok+kph+lp,"Espoo
    , Henttaa 
 
    , Linda Tannerin kuja 2 C",Available immediately
790 €/m,"block of flats, 33 m²",1h+kt+ransk.parv,"Espoo
    , Vermonniitty 
 
    , Perilänniitty 3 A",Available from 12/1/21
820 €/m,"block of flats, 31.5 m²",1h+kt+alk,"Espoo
    , Vermonniitty 
 
    , Kaarlo Sarkian katu 10 C",Available from 12/1/21
"1,099 €/m","block of flats, 69 m²",3h+k,"Espoo
    , Matinkylä 
 
    , Kala-Matti 3 A",Available from 12/1/21
648 €/m,"block of flats, 30 m²",1h+ k+kph+terassi+piha,"Espoo
    , Vallikallio 
 
    , Vallikatu 9 D",Available immediately
846 €/m,"block of flats, 44.5 m²",2h+kt+s+vh,"Espoo
    , Painiitty 
 
    , Lotankatu 8",Available from 12/1/21
919 €/m,"block of flats, 59 m²",2h+k+s,"Espoo
    , Leppävaara 
 
    , Kyyhkysmäki 16 B",Available from 12/1/21
919 €/m,"block of flats, 61.5 m²",2h+k,"Espoo
    , Olari 
 
    , Kuunsirppi 6 A",Available from 12/1/21
"1,138.82 €/m","row house, 103.5 m²",4h+k+s,"Espoo
    , Karhusuo 
 
    , Miilumäki 4",Available from 12/22/21
"1,160 €/m","detached house, 51 m²","2h, kk, kph","Espoo
    , Otaniemi 
 
    , Kivimiehentie 2",Available from 12/1/21
975 €/m,"block of flats, 49.5 m²",2h+kt+s,"Espoo
    , Vermonniitty 
 
    , Perilänniitty 2",Available from 12/2/21
920 €/m,"block of flats, 51.5 m²",2h+kt+s+parv,"Espoo
    , Perkkaa 
 
    , Perkkaantie 3",Available from 12/1/21
899 €/m,"block of flats, 51.5 m²",2h+kt+s+parv,"Espoo
    , Perkkaa 
 
    , Perkkaantie 3",Available from 12/1/21
690 €/m,"block of flats, 30 m²",Ih+kh+avok,"Espoo
    , Kauklahti 
 
    , Kauppakumppanintie 2",Available from 12/1/21
947.7 €/m,"row house, 77.5 m²",3H+K+S,"Espoo
    , Kauklahti 
 
    , Hansakallionkuja 6 C 09",Available from 1/21/22
790 €/m,"block of flats, 29.5 m²",1H+KK,"Espoo
    , Leppävaara 
 
    , Ratsukatu 4 B",Available from 12/10/21
750 €/m,"block of flats, 33.5 m²",1h+kk,"Espoo
    , Tuomarila 
 
    , Ratalaaksonkuja 14",Available from 12/1/21
"1,053 €/m","block of flats, 66.5 m²",3h+kt+s,"Espoo
    , Suurpelto 
 
    , Likusterikatu 1 A-C",Available from 12/1/21
750 €/m,"block of flats, 33.5 m²",1h+kk,"Espoo
    , Tuomarila 
 
    , Ratalaaksonkuja 14",Available from 12/1/21
"1,171 €/m","block of flats, 76.5 m²",3h+k+s,"Espoo
    , Tuomarila 
 
    , Tuomarilankatu 1",Available immediately
"1,213.29 €/m","block of flats, 67 m²",3h+k+s+parv,"Espoo
    , Matinkylä 
 
    , Matinkallio 2",Available immediately
842.49 €/m,"block of flats, 45 m²",2h+k+parv,"Espoo
    , Tapiola 
 
    , Aarnivalkeantie 3",Available immediately
915 €/m,"block of flats, 43.5 m²",2H+KT,"Espoo
    , Suurpelto 
 
    , Piilipuuntie 25",Available immediately
734 €/m,"block of flats, 27 m²",1H+KK,"Espoo
    , Karakallio 
 
    , Kalasääksentie 6",Available immediately
769 €/m,"block of flats, 29.5 m²",1h+kt,"Espoo
    , Vermonniitty 
 
    , Majurinkatu 3 C",Available from 12/1/21
999 €/m,"block of flats, 51 m²",2H+KK,"Espoo
 
    , Ratamotie 6",Available immediately
625.25 €/m,"block of flats, 39 m²",1H+K,"Espoo
    , Suurpelto 
 
    , Suurpellon Puistokatu 6 A-C",Available from 1/31/22
760.74 €/m,"block of flats, 61 m²",2H+K+S,"Espoo
    , Kilo 
 
    , Trillakatu 3",Available from 1/26/22
795 €/m,"block of flats, 41.5 m²","2h,kt,kh,rp","Espoo
    , Espoon keskus 
 
    , Reviisorinkatu 8",Available from 12/1/21
885 €/m,"block of flats, 40.5 m²",2H+KK,"Espoo
    , Espoon keskus 
 
    , Valakuja 8",Available immediately
"1,096 €/m","block of flats, 80 m²",3H+K,"Espoo
    , Suvela 
 
    , Kirstintie 28",Available immediately
881 €/m,"block of flats, 54.5 m²",2H+K,"Espoo
    , Suvela 
 
    , Kirstintie 28",Available immediately
929 €/m,"block of flats, 54.5 m²",2h+kt,"Espoo
    , Viherlaakso 
 
    , Humisevanportti 2 B",Available from 12/1/21
"1,230 €/m","block of flats, 71 m²",3H+KT+S,"Espoo
    , Espoon keskus 
 
    , Valakuja 8",Available immediately
785 €/m,"block of flats, 33 m²",1H+KT,"Espoo
    , Kivenlahti 
 
    , Marinkallio 4",Available immediately
880 €/m,"block of flats, 48.5 m²",2H+KK+S,"Espoo
    , Leppävaara 
 
    , Itsehallintotie 1 C",Available immediately
849 €/m,"block of flats, 60.5 m²",2h+k,"Espoo
    , Laajalahti 
 
    , Kirvuntie 18 C-D C",Available from 12/1/21
864 €/m,"block of flats, 36 m²",2h+kt,"Espoo
    , Niittykumpu 
 
    , Niittykatu 10 C",Available from 12/1/21
"1,214 €/m","block of flats, 65.5 m²",3h+kt,"Espoo
    , Vermonniitty 
 
    , Perilänniitty 7 C",Available from 12/1/21
785 €/m,"block of flats, 28.5 m²",1h+kt,"Espoo
    , Niittykumpu 
 
    , Niittykatu 1 E-F",Available from 12/1/21
"1,050.46 €/m","block of flats, 74.5 m²",3h+kt+s,"Espoo
    , Lasilaakso 
 
    , Lasimäki 2",Available immediately
880 €/m,"block of flats, 54.5 m²",2H+K,"Espoo
    , Suvela 
 
    , Kirstintie 28",Available immediately
952 €/m,"block of flats, 52.5 m²",2H+KT,"Espoo
    , Vermonniitty 
 
    , Uuno Kailaan katu 5",Available from 12/13/21
963 €/m,"block of flats, 59.5 m²",2H+K,"Espoo
    , Suvela 
 
    , Kirstintie 17",Available immediately
"1,003.44 €/m","block of flats, 68 m²",3H+KT,"Espoo
    , Suurpelto 
 
    , Piilipuuntie 11",Available immediately
876.07 €/m,"block of flats, 47 m²",2H+KK,"Espoo
    , Leppävaara 
 
    , Leppäviita 1",Available immediately
"1,021 €/m","block of flats, 56 m²",2H+K+S,"Espoo
    , Laaksolahti 
 
    , Rastasniityntie 1",Available immediately
730 €/m,"block of flats, 34 m²",1h + alk + kk + kph + p,"Espoo
    , Olari 
 
    , Kuusikallionkuja 3",Available immediately
849 €/m,"block of flats, 59 m²",2h+k,"Espoo
    , Karakallio 
 
    , Kotkatie 6 B",Available from 12/1/21
644 €/m,"block of flats, 16 m²","Omahuone, jaettu kph","Espoo
    , Otaniemi 
 
    , Kivimiehentie 2",Available from 12/24/21
473 €/m,"block of flats, 9 m²","1h, jaettu kph, yhteistilat","Espoo
    , Kivenlahti 
 
    , Aallonhuippu 4",Available from 12/24/21
"1,039 €/m","block of flats, 82.5 m²",3h+k,"Espoo
    , Soukka 
 
    , Kaskivuorenkuja 3 C",Available from 12/1/21
"1,380 €/m","block of flats, 66 m²",4 h+ kt + p,"Espoo
    , Matinkylä 
 
    , Matinkatu 22 A 27",
"2,171 €/m","block of flats, 44 m²","2h, ak, kph, p","Espoo
    , Niittykumpu 
 
    , Niittymaantie 10",Available from 1/17/22
"5,800 €/m","semi-detached house, 165.3 m²",5h+k+rt+takkah+s+ph+khh+kph+3w,"Espoo
 
    , Soukan rantatie 13 D",Available immediately
680 €/m,"block of flats, 27.5 m²","1h+kt+ransk parveke, autopaikk...","Espoo
    , Saunalahti 
 
    , Kummelivuorentie 15 B",Available from 12/1/21
792.65 €/m,"block of flats, 67.5 m²",3h+k+s,"Espoo
    , Vanhakartano 
 
    , Haapaniemenrinne 2",Available from 12/30/21
"2,447 €/m","semi-detached house, 67 m²","4h, ak, kph, s, wc, p","Espoo
    , Perusmäki 
 
    , Lavaniityntie 2",Available from 12/16/21
"1,693 €/m","block of flats, 45 m²","2h, k, kph, wc, p","Espoo
    , Leppävaara 
 
    , Vallikatu 9",Available from 12/22/21
720 €/m,"block of flats, 32.5 m²",1h+kt,"Espoo
    , Sepänkylä 
 
    , Peuraniitty 1 D",Available on agreement
"1,110 €/m","block of flats, 66 m²",3h+kt,"Espoo
    , Sepänkylä 
 
    , Peuraniitty 1 E",Available on agreement
"1,290 €/m","block of flats, 65.5 m²",3h+kt,"Espoo
    , Vermonniitty 
 
    , Perilänniitty 3 B",Available from 1/1/22
844 €/m,"block of flats, 49 m²",2h+k,"Espoo
 
    , Muurarinkuja 1 F",Available from 12/1/21
725 €/m,"block of flats, 32 m²",1h+kt,"Espoo
    , Sepänkylä 
 
    , Peuraniitty 1 E",Available on agreement
740 €/m,"block of flats, 30 m²",1H+KT+ranskalainen parveke,"Espoo
    , Suvela 
 
    , Kirstinmäki 6",Available from 2/1/22
735 €/m,"block of flats, 30 m²",1H+KT+ranskalainen parveke,"Espoo
    , Suvela 
 
    , Kirstinmäki 6",Available from 2/1/22
725 €/m,"block of flats, 30 m²",1H+KT+ranskalainen parveke,"Espoo
    , Suvela 
 
    , Kirstinmäki 6",Available from 2/1/22
750 €/m,"block of flats, 30 m²",1H+KT+ranskalainen parveke,"Espoo
    , Suvela 
 
    , Kirstinmäki 6",Available from 2/1/22
745 €/m,"block of flats, 30 m²",1H+KT+ranskalainen parveke,"Espoo
    , Suvela 
 
    , Kirstinmäki 6",Available from 2/1/22
755 €/m,"block of flats, 30 m²",1H+KT+ranskalainen parveke,"Espoo
    , Suvela 
 
    , Kirstinmäki 6",Available from 2/1/22
760 €/m,"block of flats, 30 m²",1H+KT+ranskalainen parveke,"Espoo
    , Suvela 
 
    , Kirstinmäki 6",Available from 2/1/22
"1,180 €/m","block of flats, 65 m²",3H+KT+lasitettu parveke,"Espoo
    , Suvela 
 
    , Kirstinmäki 6",Available from 2/1/22
745 €/m,"block of flats, 30 m²",1H+KT+ranskalainen parveke,"Espoo
    , Suvela 
 
    , Kirstinmäki 6",Available from 2/1/22
750 €/m,"block of flats, 30 m²",1H+KT+ranskalainen parveke,"Espoo
    , Suvela 
 
    , Kirstinmäki 6",Available from 2/1/22
730 €/m,"block of flats, 30 m²",1H+KT+ranskalainen parveke,"Espoo
    , Suvela 
 
    , Kirstinmäki 6",Available from 2/1/22
"1,150 €/m","block of flats, 65 m²",3H+KT+lasitettu parveke,"Espoo
    , Suvela 
 
    , Kirstinmäki 6",Available from 2/1/22
"1,190 €/m","block of flats, 65 m²",3H+KT+lasitettu parveke,"Espoo
    , Suvela 
 
    , Kirstinmäki 6",Available from 2/1/22
"1,160 €/m","block of flats, 65 m²",3H+KT+lasitettu parveke,"Espoo
    , Suvela 
 
    , Kirstinmäki 6",Available from 2/1/22
745 €/m,"block of flats, 30 m²",1H+KT+ranskalainen parveke,"Espoo
    , Suvela 
 
    , Kirstinmäki 6",Available from 2/1/22
"1,170 €/m","block of flats, 65 m²",3H+KT+lasitettu parveke,"Espoo
    , Suvela 
 
    , Kirstinmäki 6",Available from 2/1/22
899 €/m,"block of flats, 43 m²",2H+KT+lasitettu parveke,"Espoo
    , Suvela 
 
    , Kirstinmäki 6",Available from 2/1/22
"1,100 €/m","block of flats, 61 m²",3H+KT+lasitettu parveke,"Espoo
    , Suvela 
 
    , Kirstinmäki 6",Available from 2/1/22
"1,160 €/m","block of flats, 65 m²",3H+KT+lasitettu parveke,"Espoo
    , Suvela 
 
    , Kirstinmäki 6",Available from 2/1/22
"1,065 €/m","block of flats, 53 m²",3H+KT+lasitettu parveke,"Espoo
    , Suvela 
 
    , Kirstinmäki 6",Available from 2/1/22
"1,170 €/m","block of flats, 65 m²",3H+KT+lasitettu parveke,"Espoo
    , Suvela 
 
    , Kirstinmäki 6",Available from 2/1/22
"1,070 €/m","block of flats, 59 m²",3H+KT+lasitettu parveke,"Espoo
    , Suvela 
 
    , Kirstinmäki 6",Available from 2/1/22
873 €/m,"block of flats, 48.5 m²",2H+KT+lasitettu parveke,"Espoo
    , Suvela 
 
    , Kirstinmäki 6",Available from 2/1/22
882 €/m,"block of flats, 43.5 m²",2H+KT+lasitettu parveke,"Espoo
    , Suvela 
 
    , Kirstinmäki 6",Available from 2/1/22
887 €/m,"block of flats, 43.5 m²",2H+KT+lasitettu parveke,"Espoo
    , Suvela 
 
    , Kirstinmäki 6",Available from 2/1/22
"1,080 €/m","block of flats, 59 m²",3H+KT+lasitettu parveke,"Espoo
    , Suvela 
 
    , Kirstinmäki 6",Available from 2/1/22
877 €/m,"block of flats, 43.5 m²",2H+KT+lasitettu parveke,"Espoo
    , Suvela 
 
    , Kirstinmäki 6",Available from 2/1/22
735 €/m,"block of flats, 30 m²",1H+KT+ranskalainen parveke,"Espoo
    , Suvela 
 
    , Kirstinmäki 6",Available from 2/1/22
"1,000 €/m","block of flats, 55 m²",3H+KT+lasitettu parveke,"Espoo
    , Suvela 
 
    , Kirstinmäki 6",Available from 2/1/22
"1,045 €/m","block of flats, 53 m²",3H+KT+lasitettu parveke,"Espoo
    , Suvela 
 
    , Kirstinmäki 6",Available from 2/1/22
899 €/m,"block of flats, 43.5 m²",2H+KT+lasitettu parveke,"Espoo
    , Suvela 
 
    , Kirstinmäki 6",Available from 2/1/22
887 €/m,"block of flats, 43 m²",2H+KT+lasitettu parveke,"Espoo
    , Suvela 
 
    , Kirstinmäki 6",Available from 2/1/22
890 €/m,"block of flats, 48 m²",2H+KT+lasitettu parveke,"Espoo
    , Suvela 
 
    , Kirstinmäki 6",Available from 2/1/22
"1,120 €/m","block of flats, 59 m²",3H+KT+lasitettu parveke,"Espoo
    , Suvela 
 
    , Kirstinmäki 6",Available from 2/1/22
"1,090 €/m","block of flats, 59 m²",3H+KT+lasitettu parveke,"Espoo
    , Suvela 
 
    , Kirstinmäki 6",Available from 2/1/22
"1,140 €/m","block of flats, 65 m²",3H+KT+lasitettu parveke,"Espoo
    , Suvela 
 
    , Kirstinmäki 6",Available from 2/1/22
930 €/m,"block of flats, 48 m²",2H+KT+lasitettu parveke,"Espoo
    , Suvela 
 
    , Kirstinmäki 6",Available from 2/1/22
882 €/m,"block of flats, 43 m²",2H+KT+lasitettu parveke,"Espoo
    , Suvela 
 
    , Kirstinmäki 6",Available from 2/1/22
730 €/m,"block of flats, 30 m²",1H+KT+ranskalainen parveke,"Espoo
    , Suvela 
 
    , Kirstinmäki 6",Available from 2/1/22
"1,090 €/m","block of flats, 61 m²",3H+KT+lasitettu parveke,"Espoo
    , Suvela 
 
    , Kirstinmäki 6",Available from 2/1/22
867 €/m,"block of flats, 43.5 m²",2H+KT+lasitettu parveke,"Espoo
    , Suvela 
 
    , Kirstinmäki 6",Available from 2/1/22
"1,100 €/m","block of flats, 59 m²",3H+KT+lasitettu parveke,"Espoo
    , Suvela 
 
    , Kirstinmäki 6",Available from 2/1/22
"1,025 €/m","block of flats, 53 m²",3H+KT+lasitettu parveke,"Espoo
    , Suvela 
 
    , Kirstinmäki 6",Available from 2/1/22
872 €/m,"block of flats, 43 m²",2H+KT+lasitettu parveke,"Espoo
    , Suvela 
 
    , Kirstinmäki 6",Available from 2/1/22
756 €/m,"block of flats, 30 m²",1H+KT+ranskalainen parveke,"Espoo
    , Suvela 
 
    , Kirstinmäki 6",Available from 2/1/22
"1,130 €/m","block of flats, 65 m²",3H+KT+lasitettu parveke,"Espoo
    , Suvela 
 
    , Kirstinmäki 6",Available from 2/1/22
"1,080 €/m","block of flats, 61 m²",3H+KT+lasitettu parveke,"Espoo
    , Suvela 
 
    , Kirstinmäki 6",Available from 2/1/22
892 €/m,"block of flats, 43.5 m²",2H+KT+lasitettu parveke,"Espoo
    , Suvela 
 
    , Kirstinmäki 6",Available from 2/1/22
740 €/m,"block of flats, 30 m²",1H+KT+ranskalainen parveke,"Espoo
    , Suvela 
 
    , Kirstinmäki 6",Available from 2/1/22
877 €/m,"block of flats, 43 m²",2H+KT+lasitettu parveke,"Espoo
    , Suvela 
 
    , Kirstinmäki 6",Available from 2/1/22
"1,035 €/m","block of flats, 53 m²",3H+KT+lasitettu parveke,"Espoo
    , Suvela 
 
    , Kirstinmäki 6",Available from 2/1/22
"1,110 €/m","block of flats, 59 m²",3H+KT+lasitettu parveke,"Espoo
    , Suvela 
 
    , Kirstinmäki 6",Available from 2/1/22
872 €/m,"block of flats, 43.5 m²",2H+KT+lasitettu parveke,"Espoo
    , Suvela 
 
    , Kirstinmäki 6",Available from 2/1/22
"1,200 €/m","block of flats, 65 m²",3H+KT+lasitettu parveke,"Espoo
    , Suvela 
 
    , Kirstinmäki 6",Available from 2/1/22
"1,060 €/m","block of flats, 59.5 m²",3H+KT+lasitettu parveke,"Espoo
    , Suvela 
 
    , Kirstinmäki 6",Available from 2/1/22
"1,015 €/m","block of flats, 53 m²",3H+KT+lasitettu parveke,"Espoo
    , Suvela 
 
    , Kirstinmäki 6",Available from 2/1/22
"1,130 €/m","block of flats, 59 m²",3H+KT+lasitettu parveke,"Espoo
    , Suvela 
 
    , Kirstinmäki 6",Available from 2/1/22
900 €/m,"block of flats, 48 m²",2H+KT+lasitettu parveke,"Espoo
    , Suvela 
 
    , Kirstinmäki 6",Available from 2/1/22
"1,030 €/m","block of flats, 55 m²",3H+KT+lasitettu parveke,"Espoo
    , Suvela 
 
    , Kirstinmäki 6",Available from 2/1/22
"1,040 €/m","block of flats, 55 m²",3H+KT+lasitettu parveke,"Espoo
    , Suvela 
 
    , Kirstinmäki 6",Available from 2/1/22
"1,020 €/m","block of flats, 55 m²",3H+KT+lasitettu parveke,"Espoo
    , Suvela 
 
    , Kirstinmäki 6",Available from 2/1/22
995 €/m,"block of flats, 53 m²",3H+KT+lasitettu parveke,"Espoo
    , Suvela 
 
    , Kirstinmäki 6",Available from 2/1/22
"1,120 €/m","block of flats, 61 m²",3H+KT+lasitettu parveke,"Espoo
    , Suvela 
 
    , Kirstinmäki 6",Available from 2/1/22
"1,130 €/m","block of flats, 65 m²",3H+KT+lasitettu parveke,"Espoo
    , Suvela 
 
    , Kirstinmäki 6",Available from 2/1/22
"1,055 €/m","block of flats, 53 m²",3H+KT+lasitettu parveke,"Espoo
    , Suvela 
 
    , Kirstinmäki 6",Available from 2/1/22
"1,110 €/m","block of flats, 61 m²",3H+KT+lasitettu parveke,"Espoo
    , Suvela 
 
    , Kirstinmäki 6",Available from 2/1/22
920 €/m,"block of flats, 48 m²",2H+KT+lasitettu parveke,"Espoo
    , Suvela 
 
    , Kirstinmäki 6",Available from 2/1/22
910 €/m,"block of flats, 48 m²",2H+KT+lasitettu parveke,"Espoo
    , Suvela 
 
    , Kirstinmäki 6",Available from 2/1/22
"1,150 €/m","block of flats, 65 m²",3H+KT+lasitettu parveke,"Espoo
    , Suvela 
 
    , Kirstinmäki 6",Available from 2/1/22
892 €/m,"block of flats, 43 m²",2H+KT+lasitettu parveke,"Espoo
    , Suvela 
 
    , Kirstinmäki 6",Available from 2/1/22
"1,050 €/m","block of flats, 55 m²",3H+KT+lasitettu parveke,"Espoo
    , Suvela 
 
    , Kirstinmäki 6",Available from 2/1/22
867 €/m,"block of flats, 43.5 m²",2H+KT+lasitettu parveke,"Espoo
    , Suvela 
 
    , Kirstinmäki 6",Available from 2/1/22
885 €/m,"block of flats, 41 m²",2h+kt,"Espoo
    , Vermonniitty 
 
    , Kaarlo Sarkian katu 1",
"1,010 €/m","block of flats, 54 m²",2h+kt+alkovi,"Espoo
    , Vermonniitty 
 
    , Kaarlo Sarkian katu 1",
"1,070 €/m","block of flats, 50.5 m²",2h+kt+s,"Espoo
    , Vermonniitty 
 
    , Kaarlo Sarkian katu 1",
760 €/m,"block of flats, 29 m²",1h+kt,"Espoo
    , Vermonniitty 
 
    , Kaarlo Sarkian katu 1",
990 €/m,"block of flats, 54 m²",2h+kt+alkovi,"Espoo
    , Vermonniitty 
 
    , Kaarlo Sarkian katu 1",
"1,260 €/m","block of flats, 68 m²",3h+kt+s,"Espoo
    , Vermonniitty 
 
    , Kaarlo Sarkian katu 1",
885 €/m,"block of flats, 43 m²",2h+kt,"Espoo
    , Vermonniitty 
 
    , Kaarlo Sarkian katu 1",
"1,070 €/m","block of flats, 61.5 m²",3H+KT+lasitettu parveke,"Espoo
    , Suvela 
 
    , Kirstinmäki 6",Available from 2/1/22
813 €/m,"block of flats, 37.5 m²",2H+KK,"Espoo
    , Laaksolahti 
 
    , Rastasniityntie 1",Available immediately
965 €/m,"block of flats, 51 m²",2 h+kt,"Espoo
 
    , Peijinkuja 3",Available from 3/1/22
810 €/m,"block of flats, 37.5 m²",1 h+ kt,"Espoo
 
    , Peijinkuja 3",Available from 3/1/22
"1,150 €/m","block of flats, 61 m²",3h+kt,"Espoo
 
    , Peijinkuja 3",Available from 3/1/22
939 €/m,"block of flats, 43.5 m²",2H+KT,"Espoo
    , Vermonniitty 
 
    , Uuno Kailaan katu 6",Available immediately
725 €/m,"block of flats, 31 m²",1h+tupak.,"Espoo
    , Saunalahti 
 
    , Paapuuri 4 B",Available from 12/8/21
871 €/m,"block of flats, 55 m²",2h+k+s,"Espoo
    , Saunalahti 
 
    , Saunalahdenkatu 16 A",Available from 12/10/21
790 €/m,"block of flats, 45 m²","2h, alkovi, kk, kph","Espoo
    , Matinkylä 
 
    , Aapelinkatu 9 C",Available immediately
839 €/m,"block of flats, 50 m²",2h+kk+s,"Espoo
    , Nöykkiö 
 
    , Eestintaival 3 A",Available from 12/1/21
925 €/m,"block of flats, 54 m²",2h+kt,"Espoo
    , Painiitty 
 
    , Lotankatu 1",Available from 12/1/21
"1,667 €/m","block of flats, 40 m²","1h, k, kph","Espoo
    , Leppävaara 
 
    , Nikkarinkuja 5",Available immediately
925 €/m,"block of flats, 38.5 m²",2h+kt,"Espoo
    , Pohjois-Tapiola 
 
    , Metsänpojankuja 5",
997 €/m,"block of flats, 49.5 m²",2h+kt+s,"Espoo
    , Espoon keskus 
 
    , Suviniitynkatu 1",Available from 12/1/21
981 €/m,"block of flats, 53 m²",2h+kt,"Espoo
    , Matinkylä 
 
    , Matinkallio 7 A",Available from 12/1/21
975 €/m,"block of flats, 46.5 m²",2h+kt,"Espoo
    , Pohjois-Tapiola 
 
    , Metsänpojankuja 5",
970 €/m,"block of flats, 45 m²",2h+kt,"Espoo
    , Pohjois-Tapiola 
 
    , Metsänpojankuja 5",
835 €/m,"block of flats, 27.5 m²",1h+kt,"Espoo
    , Pohjois-Tapiola 
 
    , Metsänpojankuja 5",
940 €/m,"block of flats, 40 m²",2h+kt,"Espoo
    , Pohjois-Tapiola 
 
    , Metsänpojankuja 5",
855 €/m,"block of flats, 31 m²",1h+kt+s,"Espoo
    , Pohjois-Tapiola 
 
    , Metsänpojankuja 5",
771.99 €/m,"block of flats, 57 m²",2H+KK+S,"Espoo
    , Saunalahti 
 
    , Tiimalasintie 4",Available from 1/22/22
"1,175 €/m","block of flats, 50 m²",2H+KT,"Espoo
    , Niittykumpu 
 
    , Koivu-Mankkaan tie 1",Available immediately
880 €/m,"block of flats, 49 m²",2H+KK,"Espoo
    , Espoon keskus 
 
    , Asemakuja 3",Available immediately
698.55 €/m,"block of flats, 58 m²",3H+KK+S,"Espoo
    , Suvela 
 
    , Kirstinmäki 12 A 13",Available from 12/11/21
"1,090 €/m","block of flats, 44 m²",2h+kt,"Espoo
    , Kivenlahti 
 
    , Marinportti 4 A",Available on agreement
890 €/m,"block of flats, 39 m²",Unfurnished studio with big ba...,"Espoo
    , Leppävaara 
 
    , Leppävaarankatu 12 A",Available from 12/1/21
"1,754 €/m","block of flats, 61 m²","2h, k, kph, s, wc, p","Espoo
    , Leppävaara 
 
    , Nikkarinkuja 2",Available from 12/20/21
829 €/m,"block of flats, 52.5 m²",2h+kk,"Espoo
    , Kauklahti 
 
    , Hansatie 4 G",Available from 12/1/21
839 €/m,"block of flats, 42 m²",2h+kk,"Espoo
    , Tuomarila 
 
    , Kulovalkeankuja 2 A",Available from 12/1/21
765 €/m,"block of flats, 40 m²",2 h+kk+p,"Espoo
    , Kilo 
 
    , Lansankallionkuja 2",Available immediately
979.68 €/m,"block of flats, 81.5 m²",4H+K+S,"Espoo
    , Gumböle 
 
    , Rintamäentanhua 5 D 31",Available immediately
912.07 €/m,"block of flats, 84.5 m²",4H+K+S,"Espoo
    , Gumböle 
 
    , Hirvisuontie 5 A 07",Available immediately
895 €/m,"block of flats, 33.5 m²",1h+kt+alkovi,"Espoo
    , Kivenlahti 
 
    , Marinportti 4 A",Available on agreement
890 €/m,"block of flats, 43 m²",2 h+kt,"Espoo
 
    , Peijinkuja 3",Available from 3/1/22
905 €/m,"block of flats, 43 m²",2 h+kt,"Espoo
 
    , Peijinkuja 3",Available from 3/1/22
885 €/m,"block of flats, 43 m²",2 h+kt,"Espoo
 
    , Peijinkuja 3",Available from 3/1/22
830 €/m,"block of flats, 37.5 m²",1 h+ kt,"Espoo
 
    , Peijinkuja 3",Available from 3/1/22
915 €/m,"block of flats, 45 m²",2 h+kt,"Espoo
 
    , Peijinkuja 3",Available from 3/1/22
910 €/m,"block of flats, 43 m²",2 h+kt,"Espoo
 
    , Peijinkuja 3",Available from 3/1/22
760 €/m,"block of flats, 31 m²",1 h+ kt,"Espoo
 
    , Peijinkuja 3",Available from 3/1/22
965 €/m,"block of flats, 51 m²",2 h+kt,"Espoo
 
    , Peijinkuja 3",Available from 3/1/22
965 €/m,"block of flats, 51 m²",2 h+kt,"Espoo
 
    , Peijinkuja 3",Available from 3/1/22
805 €/m,"block of flats, 37.5 m²",1 h+ kt,"Espoo
 
    , Peijinkuja 3",Available from 3/1/22
"1,150 €/m","block of flats, 61 m²",3h+kt,"Espoo
 
    , Peijinkuja 3",Available from 3/1/22
"1,340 €/m","block of flats, 77 m²",4 h + kt,"Espoo
 
    , Peijinkuja 3",Available from 3/1/22
"1,140 €/m","block of flats, 61 m²",3h+kt,"Espoo
 
    , Peijinkuja 3",Available from 3/1/22
765 €/m,"block of flats, 31 m²",1 h+ kt,"Espoo
 
    , Peijinkuja 3",Available from 3/1/22
755 €/m,"block of flats, 31 m²",1 h+ kt,"Espoo
 
    , Peijinkuja 3",Available from 3/1/22
637 €/m,"block of flats, 21 m²",1h+avok+kph+lasit.p,"Espoo
    , Saunalahti 
 
    , Tiimalasintie 6 C",Available immediately
"1,757.94 €/m","semi-detached house, 119 m²",5H+K+S,"Espoo
    , Laajalahti 
 
    , Rauduntie 12",Available from 1/20/22
845 €/m,"block of flats, 35 m²",1H+KT,"Espoo
    , Kilo 
 
    , Kilonportti 3",Available immediately
"1,065.29 €/m","block of flats, 62.5 m²",3H+K+S,"Espoo
    , Saunalahti 
 
    , Kompassikatu 7",Available immediately
"1,146 €/m","block of flats, 60 m²",3h+kt+parveke,"Espoo
    , Kilo 
 
    , Multahaankuja 8",Available from 12/1/21
998 €/m,"block of flats, 51.5 m²",2H+KT,"Espoo
    , Kivenlahti 
 
    , Marinkallio 8",Available immediately
"1,173 €/m","block of flats, 69 m²",3H+K+S,"Espoo
    , Järvenperä 
 
    , Aurorankuja 3",Available immediately
888 €/m,"block of flats, 39 m²",2H+KT,"Espoo
    , Espoon keskus 
 
    , Kirkkojärventie 10",Available immediately
960 €/m,"block of flats, 49.5 m²",2H+KT,"Espoo
    , Vermonniitty 
 
    , Uuno Kailaan katu 5",Available immediately
570.21 €/m,"block of flats, 40 m²",1h+kt,"Espoo
    , Suviniitty 
 
    , Reviisorinkatu 6",Available immediately
798.61 €/m,"block of flats, 71 m²",3h+k+s,"Espoo
    , Suvela 
 
    , Suvelantie 16",Available immediately
"1,349 €/m","block of flats, 81 m²",3h+k+s,"Espoo
    , Saunalahti 
 
    , Saunalahdenkatu 18 A",Available from 12/1/21
733.4 €/m,"block of flats, 36.5 m²",1H+KT,"Espoo
    , Suurpelto 
 
    , Piilipuuntie 11",Available immediately
928 €/m,"block of flats, 46.5 m²",2h+kt,"Espoo
 
    , Piispanpiha 5 B",Available from 12/1/21
"1,190 €/m","block of flats, 61.5 m²",3H+KT,"Espoo
    , Vermonniitty 
 
    , Anna Sahlsténin katu 8",Available immediately
960 €/m,"block of flats, 51 m²",2h+kk+s,"Espoo
    , Matinkylä 
 
    , Nelikkotie 2",Available from 12/1/21
"1,145 €/m","block of flats, 59 m²",3h+kt,"Espoo
    , Vermonniitty 
 
    , Anna Sahlsténin katu 10",Available from 12/1/21
855 €/m,"block of flats, 39.5 m²",2H+KT+S,"Espoo
    , Matinkylä 
 
    , Nassakkakuja 4",Available immediately
994 €/m,"block of flats, 54.5 m²",2H+K+S,"Espoo
    , Espoon keskus 
 
    , Kiltakuja 5",Available immediately
839 €/m,"block of flats, 62 m²",2h+k,"Espoo
    , Soukka 
 
    , Soukankaari 11 F",Available from 12/1/21
543 €/m,"block of flats, 11 m²","Omahuone, ak, jaettu kph, yhte","Espoo
    , Kuninkainen 
 
    , Herttuantie 4",Available from 12/20/21
867 €/m,"block of flats, 42 m²",2H+KT,"Espoo
    , Nöykkiö 
 
    , Laidunmaanraitti 2",Available from 3/1/22
794 €/m,"block of flats, 32.5 m²",2H+KT,"Espoo
    , Nöykkiö 
 
    , Laidunmaanraitti 2",Available from 3/1/22
794 €/m,"block of flats, 32.5 m²",2H+KT,"Espoo
    , Nöykkiö 
 
    , Laidunmaanraitti 2",Available from 3/1/22
859 €/m,"block of flats, 42 m²",2H+KT,"Espoo
    , Nöykkiö 
 
    , Laidunmaanraitti 2",Available from 3/1/22
880 €/m,"block of flats, 45.5 m²",2H+KT,"Espoo
    , Nöykkiö 
 
    , Laidunmaanraitti 2",Available from 3/1/22
867 €/m,"block of flats, 42 m²",2H+KT,"Espoo
    , Nöykkiö 
 
    , Laidunmaanraitti 2",Available from 3/1/22
"1,650 €/m","block of flats, 94 m²",4h+k,"Espoo
    , Tapiola 
 
    , Tietäjäntie 11 A",Available from 12/1/21
767 €/m,"balcony access block, 55.5 m²",2h + k + ransk. parveke,"Espoo
    , Karvasmäki 
 
    , Vanha Turuntie 75 13",Available immediately
"1,069 €/m","block of flats, 74 m²",3h+k,"Espoo
    , Karakallio 
 
    , Kotkatie 6 F",Available from 12/1/21
767 €/m,"balcony access block, 55.5 m²",2h + k + ranskalainen parveke,"Espoo
    , Karvasmäki 
 
    , Vanha Turuntie 75 12",Available immediately
849 €/m,"block of flats, 60.5 m²",2h+k,"Espoo
    , Laajalahti 
 
    , Kirvuntie 18 C-D D",Available from 12/1/21
874 €/m,"block of flats, 56 m²",2h+k,"Espoo
    , Matinkylä 
 
    , Matinraitti 9",Available immediately
800 €/m,"balcony access block, 46.5 m²",1h+kk+s,"Espoo
    , Soukka 
 
    , Kastevuorenkuja 1",Available immediately
879 €/m,"block of flats, 62 m²",2h+k,"Espoo
    , Soukka 
 
    , Soukankaari 5 B",Available immediately
708.04 €/m,"block of flats, 51 m²",2H+K,"Espoo
    , Suurpelto 
 
    , Piilipuuntie 3 A-B",Available on agreement
"1,020 €/m","block of flats, 44.5 m²",2h+kk,"Espoo
    , Leppävaara 
 
    , Linnatullinkatu 1",Available immediately
779 €/m,"block of flats, 55 m²",2h+kk,"Espoo
    , Kauklahti 
 
    , Klippinkitie 1",Available from 12/15/21
"1,059 €/m","block of flats, 76 m²",3h+k,"Espoo
    , Soukka 
 
    , Alakartanontie 13 E",Available from 12/1/21
682 €/m,"block of flats, 26 m²",1H+KT,"Espoo
    , Nöykkiö 
 
    , Laidunmaanraitti 2",Available from 3/1/22
787 €/m,"block of flats, 32.5 m²",2H+KT,"Espoo
    , Nöykkiö 
 
    , Laidunmaanraitti 2",Available from 3/1/22
682 €/m,"block of flats, 26 m²",1H+KT,"Espoo
    , Nöykkiö 
 
    , Laidunmaanraitti 2",Available from 3/1/22
676 €/m,"block of flats, 26 m²",1H+KT,"Espoo
    , Nöykkiö 
 
    , Laidunmaanraitti 2",Available from 3/1/22
682 €/m,"block of flats, 26 m²",1H+KT,"Espoo
    , Nöykkiö 
 
    , Laidunmaanraitti 2",Available from 3/1/22
672 €/m,"block of flats, 26 m²",1H+KT,"Espoo
    , Nöykkiö 
 
    , Laidunmaanraitti 2",Available from 3/1/22
682 €/m,"block of flats, 26 m²",1H+KT,"Espoo
    , Nöykkiö 
 
    , Laidunmaanraitti 2",Available from 3/1/22
666 €/m,"block of flats, 26 m²",1H+KT,"Espoo
    , Nöykkiö 
 
    , Laidunmaanraitti 2",Available from 3/1/22
682 €/m,"block of flats, 26 m²",1H+KT,"Espoo
    , Nöykkiö 
 
    , Laidunmaanraitti 2",Available from 3/1/22
679 €/m,"block of flats, 26 m²",1H+KT,"Espoo
    , Nöykkiö 
 
    , Laidunmaanraitti 2",Available from 3/1/22
676 €/m,"block of flats, 26 m²",1H+KT,"Espoo
    , Nöykkiö 
 
    , Laidunmaanraitti 2",Available from 3/1/22
682 €/m,"block of flats, 26 m²",1H+KT,"Espoo
    , Nöykkiö 
 
    , Laidunmaanraitti 2",Available from 3/1/22
679 €/m,"block of flats, 26 m²",1H+KT,"Espoo
    , Nöykkiö 
 
    , Laidunmaanraitti 2",Available from 3/1/22
676 €/m,"block of flats, 26 m²",1H+KT,"Espoo
    , Nöykkiö 
 
    , Laidunmaanraitti 2",Available from 3/1/22
779 €/m,"block of flats, 32.5 m²",2H+KT,"Espoo
    , Nöykkiö 
 
    , Laidunmaanraitti 2",Available from 3/1/22
672 €/m,"block of flats, 26 m²",1H+KT,"Espoo
    , Nöykkiö 
 
    , Laidunmaanraitti 2",Available from 3/1/22
682 €/m,"block of flats, 26 m²",1H+KT,"Espoo
    , Nöykkiö 
 
    , Laidunmaanraitti 2",Available from 3/1/22
676 €/m,"block of flats, 26 m²",1H+KT,"Espoo
    , Nöykkiö 
 
    , Laidunmaanraitti 2",Available from 3/1/22
787 €/m,"block of flats, 32.5 m²",2H+KT,"Espoo
    , Nöykkiö 
 
    , Laidunmaanraitti 2",Available from 3/1/22
682 €/m,"block of flats, 26 m²",1H+KT,"Espoo
    , Nöykkiö 
 
    , Laidunmaanraitti 2",Available from 3/1/22
682 €/m,"block of flats, 26 m²",1H+KT,"Espoo
    , Nöykkiö 
 
    , Nöykkiönlaaksontie 7",Available from 3/1/22
689 €/m,"block of flats, 26 m²",1H+KT,"Espoo
    , Nöykkiö 
 
    , Nöykkiönlaaksontie 7",Available from 3/1/22
682 €/m,"block of flats, 26 m²",1H+KT,"Espoo
    , Nöykkiö 
 
    , Nöykkiönlaaksontie 7",Available from 3/1/22
676 €/m,"block of flats, 26 m²",1H+KT,"Espoo
    , Nöykkiö 
 
    , Nöykkiönlaaksontie 7",Available from 3/1/22
676 €/m,"block of flats, 26 m²",1H+KT,"Espoo
    , Nöykkiö 
 
    , Nöykkiönlaaksontie 7",Available from 3/1/22
682 €/m,"block of flats, 26 m²",1H+KT,"Espoo
    , Nöykkiö 
 
    , Nöykkiönlaaksontie 7",Available from 3/1/22
689 €/m,"block of flats, 26 m²",1H+KT,"Espoo
    , Nöykkiö 
 
    , Nöykkiönlaaksontie 7",Available from 3/1/22
886 €/m,"block of flats, 42.5 m²",2H+KT,"Espoo
    , Nöykkiö 
 
    , Nöykkiönlaaksontie 7",Available from 3/1/22
689 €/m,"block of flats, 26 m²",1H+KT,"Espoo
    , Nöykkiö 
 
    , Nöykkiönlaaksontie 7",Available from 3/1/22
877 €/m,"block of flats, 42.5 m²",2H+KT,"Espoo
    , Nöykkiö 
 
    , Nöykkiönlaaksontie 7",Available from 3/1/22
682 €/m,"block of flats, 26 m²",1H+KT,"Espoo
    , Nöykkiö 
 
    , Nöykkiönlaaksontie 7",Available from 3/1/22
877 €/m,"block of flats, 42.5 m²",2H+KT,"Espoo
    , Nöykkiö 
 
    , Nöykkiönlaaksontie 7",Available from 3/1/22
682 €/m,"block of flats, 26 m²",1H+KT,"Espoo
    , Nöykkiö 
 
    , Nöykkiönlaaksontie 7",Available from 3/1/22
676 €/m,"block of flats, 26 m²",1H+KT,"Espoo
    , Nöykkiö 
 
    , Nöykkiönlaaksontie 7",Available from 3/1/22
839 €/m,"block of flats, 41.5 m²",2h+kk,"Espoo
    , Kilo 
 
    , Lansantie 3 C",Available from 12/1/21
"2,690 €/m","block of flats, 88 m²",,"Espoo
    , Matinkylä 
 
    , Kala-Matti",Available from 12/17/21
890 €/m,"block of flats, 29 m²",1h + avok + terassi + piha,"Espoo
    , Tapiola 
 
    , Tuuliniitty 5 B",Available immediately
925 €/m,"block of flats, 42.5 m²",2H+KT+KPH+S,"Espoo
    , Tapiola 
 
    , Neulaspolku 1",Available immediately
"1,390 €/m","block of flats, 83.5 m²",4h+k+lasitettu parveke,"Espoo
    , Haukilahti 
 
    , Hauenkalliontie 12-14 H",Available immediately
798 €/m,"block of flats, 40 m²",2h+avok+kph+parveke,"Espoo
    , Tapiola 
 
    , Otsolahdentie 14 A",Available immediately
829 €/m,"block of flats, 47 m²",2h+k+kph+p.,"Espoo
    , Olari 
 
    , Ylistörmä 5 C",Available immediately
980 €/m,"block of flats, 53 m²",2H+KT,"Espoo
    , Kivenlahti 
 
    , Marinkallio 4",Available immediately
989 €/m,"block of flats, 57 m²",2H+K+S,"Espoo
    , Matinkylä 
 
    , Nassakkakuja 4",Available immediately
625 €/m,"block of flats, 39.5 m²",1h+k+kph+alkovi,"Espoo
    , Kivenlahti 
 
    , Aallonhuippu 5 B",Available immediately
772 €/m,"block of flats, 31.5 m²",1h+k,"Espoo
    , Matinkylä 
 
    , Nelikkotie 8 C",Available from 12/1/21
"1,237 €/m","block of flats, 65.5 m²",3H+K+S+P,"Espoo
    , Leppävaara 
 
    , Ratsukatu 4 A",Available from 12/15/21
785 €/m,"block of flats, 30 m²",1h+kk+alk,"Espoo
    , Niittymaa 
 
    , Malmiportti 4 A",Available from 12/1/21
885 €/m,"block of flats, 48.5 m²",2h+kt+kh,"Espoo
    , Painiitty 
 
    , Lotankatu 5 C",Available from 12/1/21
805 €/m,"block of flats, 47 m²",2H+KK,"Espoo
    , Espoonlahti 
 
    , Puosunrinne 6",Available immediately
855 €/m,"block of flats, 33.5 m²",1h+kt,"Espoo
    , Matinkylä 
 
    , Kaisankuja 1",Available from 12/20/21
970 €/m,"block of flats, 47.5 m²",2h+kt,"Espoo
    , Matinkylä 
 
    , Kaisankuja 1",Available from 12/15/21
"1,425 €/m","block of flats, 66 m²",4h+kt,"Espoo
    , Matinkylä 
 
    , Kaisankuja 1",Available from 12/15/21
"1,100 €/m","block of flats, 69 m²",3h+k+kph+lp+s,"Espoo
    , Espoonlahti 
 
    , Amiraalin Puistotie 6 B",Available immediately
640 €/m,"block of flats, 20.5 m²",1h,"Espoo
    , Saunalahti 
 
    , Tiimalasintie 6 A 7",Available immediately
"1,139 €/m","block of flats, 74.5 m²",3h+k+s,"Espoo
    , Rastaspuisto 
 
    , Tähtimötie 2 C",Available from 12/1/21
"1,155 €/m","block of flats, 62 m²",3h+kt,"Espoo
    , Saunalahti 
 
    , Reelinkikatu 5 A",Available on agreement
955 €/m,"block of flats, 59 m²",2H+K,"Espoo
    , Matinkylä 
 
    , Tiistilänkuja 3",Available immediately
984 €/m,"block of flats, 54.5 m²",2H+K+S,"Espoo
    , Espoon keskus 
 
    , Kiltakuja 5",Available immediately
"1,017 €/m","block of flats, 65 m²",2H+K+S,"Espoo
    , Espoon keskus 
 
    , Kiltakuja 1",Available immediately
937 €/m,"block of flats, 49 m²",2H+KK+S,"Espoo
    , Espoon keskus 
 
    , Kiltakuja 1",Available immediately
928 €/m,"block of flats, 48.5 m²",2H+KK,"Espoo
    , Suurpelto 
 
    , Piilipuuntie 25",Available immediately
799 €/m,"block of flats, 27 m²",1h+kk,"Espoo
    , Tapiola 
 
    , Elosalamantie 4 F",Available from 12/1/21
"1,149 €/m","block of flats, 73 m²",3h+k+s,"Espoo
    , Rastaspuisto 
 
    , Tähtimötie 2 A",Available from 12/1/21
898 €/m,"block of flats, 44 m²",2H+KK,"Espoo
    , Espoon keskus 
 
    , Valakuja 8",Available immediately
895 €/m,"block of flats, 48.5 m²",2 h + kk + ph,"Espoo
    , Olari 
 
    , Kuvastimentie 1 D8",Available immediately
699 €/m,"block of flats, 54.5 m²",2H+AVOK+KPH,"Espoo
    , Suvela 
 
    , Kirstinsyrjä 6 B",Available immediately
"1,200 €/m","block of flats, 62 m²","3h, k, kph, tilava lasitettu p","Espoo
    , Tapiola 
 
    , Hakarinne 2 M 165, 02100 Espoo",
898 €/m,"block of flats, 51 m²",2h+k+s,"Espoo
    , Tuomarila 
 
    , Kulovalkeantie 17",Available immediately
829 €/m,"block of flats, 44.5 m²",2h+kk+s,"Espoo
    , Nöykkiö 
 
    , Eestintaival 3 D",Available immediately
770 €/m,"block of flats, 53 m²",2 h + k + kph + lasitettu parv...,"Espoo
    , Kivenlahti 
 
    , Merivirta 11 D",Available immediately
940 €/m,"block of flats, 59 m²",2H+K,"Espoo
    , Matinkylä 
 
    , Tiistilänkuja 3",Available immediately
815 €/m,"block of flats, 38 m²",1H+K,"Espoo
    , Suvela 
 
    , Kirstinharju 23",Available immediately
899 €/m,"block of flats, 46 m²",2h+kk+s,"Espoo
    , Leppävaara 
 
    , Huvilinnantie 6 A",Available from 12/1/21
740 €/m,"block of flats, 31 m²",1h+kt,"Espoo
    , Sepänkylä 
 
    , Peuraniitty 1",Available from 12/1/21
"1,080 €/m","block of flats, 62 m²",3h+kk,"Espoo
    , Suurpelto 
 
    , Piilipuuntie 17",Available from 12/1/21
965 €/m,"block of flats, 60.5 m²",2H+K,"Espoo
    , Espoon keskus 
 
    , Asemakuja 3",Available immediately
"1,340 €/m","block of flats, 83 m²",4h+k+kph+wc+lasitettu parveke,"Espoo
    , Tapiola 
 
    , Hakamäki 2 B",Available immediately
543 €/m,"block of flats, 12 m²","Omahuone, ak, jaettu kph, yhte","Espoo
    , Kuninkainen 
 
    , Herttuantie 4",Available from 12/13/21
"2,447 €/m","semi-detached house, 80 m²","4h, ak, 2kph, s, 2wc","Espoo
    , Perusmäki 
 
    , Lavaniityntie 2",Available from 12/20/21
"2,522 €/m","block of flats, 81 m²","3h, k, kph, s, wc, p","Espoo
    , Olari 
 
    , Ilmakuja 5",Available from 12/2/21
"2,500 €/m","block of flats, 106.5 m²",4h + avok + p + s,"Espoo
    , Kivenlahti 
 
    , Tyrskyvuori 15",Available from 1/1/22
904 €/m,"block of flats, 49.5 m²",2h+k,"Espoo
    , Niittymaa 
 
    , Malmiportti 4 A",Available from 12/7/21
859 €/m,"block of flats, 59 m²",2h+k,"Espoo
    , Soukka 
 
    , Soukankaari 13 G",Available from 2/1/22
"1,173.28 €/m","block of flats, 87 m²",3H+K+S,"Espoo
    , Suurpelto 
 
    , Piilipuuntie 3 C-E",Available immediately
615 €/m,"block of flats, 20.5 m²",1h+kt+parveke,"Espoo
    , Saunalahti 
 
    , Tiimalasintie 6 C 92",Available immediately
615 €/m,"block of flats, 20.5 m²",1h+kt+parveke,"Espoo
    , Saunalahti 
 
    , Tiimalasintie 6 C 89",Available immediately
829 €/m,"block of flats, 35 m²",1h+kt,"Espoo
    , Niittykumpu 
 
    , Niittysillankulma 2 D",Available immediately
890 €/m,"block of flats, 45.5 m²",2h+kt+s,"Espoo
    , Saunalahti 
 
    , Reelinkikuja 3 B",Available immediately
820 €/m,"block of flats, 43 m²",1h + k + kph + katettu parveke,"Espoo
    , Tapiola 
 
    , Kalevanvainio 4A",Available immediately
909.58 €/m,"block of flats, 59 m²",2H+K,"Espoo
    , Suurpelto 
 
    , Klariksentie 2",Available immediately
795 €/m,"block of flats, 29.5 m²",1h+kt,"Espoo
    , Niittykumpu 
 
    , Kappelirinne 4 A","Available immediately|Display 11/30/21 
                  
                    4:30 PM"
949 €/m,"block of flats, 42 m²",2h+kt,"Espoo
    , Niittykumpu 
 
    , Haukilahdenkatu 1 A",Available from 12/1/21
"1,085 €/m","block of flats, 60 m²",2H+K,"Espoo
    , Otaniemi 
 
    , Servinkuja 3",Available immediately
"1,140 €/m","block of flats, 51.5 m²","2h, kt, s","Espoo
    , Tapiola 
 
    , Metsäpojankuja 7",Available immediately
935.27 €/m,"block of flats, 59.5 m²",2H+K,"Espoo
    , Suurpelto 
 
    , Klariksentie 2",Available immediately
840 €/m,"block of flats, 39 m²",1H+KT,"Espoo
    , Vermonniitty 
 
    , Runoratsunkatu 1",Available immediately
845 €/m,"block of flats, 39 m²",1H+KT,"Espoo
    , Vermonniitty 
 
    , Runoratsunkatu 1",Available immediately
730 €/m,"block of flats, 21 m²",FURNISHED ONE ROOM APARTMENT  ...,"Espoo
    , Saunalahti 
 
    , Tiimalasintie 6",Available immediately
835 €/m,"block of flats, 59.5 m²",2h+k+kph+vh+lasitettu p,"Espoo
    , Matinkylä 
 
    , Leenankuja 2 J",Available immediately
829 €/m,"block of flats, 41.5 m²",2h+kk,"Espoo
    , Tuomarila 
 
    , Kulovalkeantie 22 B",Available from 12/1/21
759 €/m,"block of flats, 35 m²",1h+kk,"Espoo
    , Matinkylä 
 
    , Kala-Matti 3 C",Available immediately
"1,099 €/m","block of flats, 68.5 m²",3h+k+s,"Espoo
    , Kilo 
 
    , Vanharaide 1 B",Available from 12/1/21
839 €/m,"block of flats, 32 m²",1h+kk,"Espoo
    , Tapiola 
 
    , Elosalamantie 4 E",Available from 12/1/21
999 €/m,"block of flats, 47.5 m²",2h+kt,"Espoo
    , Niittykumpu 
 
    , Kappelirinne 4 A","Available immediately|Display 11/30/21 
                  
                    4:30 PM"
"1,049 €/m","block of flats, 76 m²",3h+k,"Espoo
    , Laajalahti 
 
    , Heinjoenpolku 2 A-F F",Available immediately
879 €/m,"block of flats, 40.5 m²",1h+kk,"Espoo
    , Tapiola 
 
    , Elosalamantie 2 E",Available immediately
799 €/m,"block of flats, 49 m²",2h+kk,"Espoo
    , Karakallio 
 
    , Kotkatie 6 L",Available immediately
839 €/m,"block of flats, 42 m²",2h+kk,"Espoo
    , Tuomarila 
 
    , Kulovalkeankuja 2 A",Available immediately
"1,279 €/m","block of flats, 77 m²",3h+k+s,"Espoo
    , Leppävaara 
 
    , Bertel Jungin aukio 4 B",Available from 12/1/21
829 €/m,"block of flats, 56 m²",2h+kk,"Espoo
    , Soukka 
 
    , Alakartanontie 13 B",Available immediately
795 €/m,"block of flats, 29 m²",1h+kt,"Espoo
    , Niittykumpu 
 
    , Kappelirinne 4 A","Available immediately|Display 11/30/21 
                  
                    4:30 PM"
"1,179 €/m","block of flats, 61 m²",2h+k+s,"Espoo
    , Leppävaara 
 
    , Rummunlyöjänkatu 11 D",Available immediately
829 €/m,"block of flats, 33.5 m²",1h+kk,"Espoo
    , Leppävaara 
 
    , Zanseninkuja 6 A",Available immediately
995 €/m,"block of flats, 51 m²",2h+kk,"Espoo
    , Tapiola 
 
    , Elosalamantie 2 E",Available immediately
859 €/m,"block of flats, 47.5 m²",2h+kt+s,"Espoo
    , Suurpelto 
 
    , Likusterikatu 1 D",Available immediately
739 €/m,"block of flats, 38.5 m²",1h+k,"Espoo
    , Kivenlahti 
 
    , Aalto 4 A",Available immediately
"1,069 €/m","block of flats, 74 m²",3h+k,"Espoo
    , Karakallio 
 
    , Kotkatie 6 F",Available immediately
"1,079 €/m","block of flats, 78.5 m²",3h+k+s,"Espoo
    , Nöykkiö 
 
    , Eestintaival 3 B",Available immediately
799 €/m,"block of flats, 32 m²",1h+kk,"Espoo
    , Tapiola 
 
    , Elosalamantie 4 F",Available immediately
875 €/m,"block of flats, 45 m²",2h+kk+s,"Espoo
    , Rastaspuisto 
 
    , Tähtimötie 2 B",Available from 1/1/22
899 €/m,"block of flats, 49.5 m²",2h+kk+s,"Espoo
    , Niittykumpu 
 
    , Niittymaantie 1 H",Available immediately
799 €/m,"block of flats, 32 m²",1h+kk,"Espoo
    , Tapiola 
 
    , Elosalamantie 4 G",Available immediately
"1,059 €/m","block of flats, 78.5 m²",3h+k,"Espoo
    , Kauklahti 
 
    , Hansatie 4 H",Available immediately
729 €/m,"block of flats, 38.5 m²",1h+kk,"Espoo
    , Kauklahti 
 
    , Hansatie 4 K",Available immediately
899 €/m,"block of flats, 56 m²",2h+k,"Espoo
    , Matinkylä 
 
    , Matinkatu 10 E",Available immediately
985 €/m,"block of flats, 47.5 m²",2h+kk,"Espoo
    , Matinkylä 
 
    , Matinniitynkuja 6 B",Available immediately
"1,329 €/m","block of flats, 72.5 m²",3h+k+s,"Espoo
    , Leppävaara 
 
    , Porarinkatu 2 F",Available immediately
"1,029 €/m","block of flats, 52 m²",2h+kt,"Espoo
    , Niittykumpu 
 
    , Merituulentie 38 A",Available immediately
899 €/m,"block of flats, 51.5 m²",2h+k,"Espoo
    , Matinkylä 
 
    , Kala-Matti 3 C",Available immediately
729 €/m,"block of flats, 32 m²",1h+kk,"Espoo
    , Tuomarila 
 
    , Kulovalkeankuja 2 A",Available immediately
999 €/m,"block of flats, 47.5 m²",2h+kt,"Espoo
    , Niittykumpu 
 
    , Kappelirinne 4 A","Available immediately|Display 11/30/21 
                  
                    4:30 PM"
829 €/m,"block of flats, 42 m²",2h+kt,"Espoo
    , Suurpelto 
 
    , Henttaan puistokatu 6 A",Available immediately
859 €/m,"block of flats, 47 m²",2h+k+s,"Espoo
    , Lintuvaara 
 
    , Kiskottajankuja 4 D",Available immediately
919 €/m,"block of flats, 62.5 m²",2h+k+s,"Espoo
    , Soukka 
 
    , Soukankuja 4 B",Available immediately
829 €/m,"block of flats, 49 m²",2h+kk,"Espoo
    , Karakallio 
 
    , Kotkatie 6 G",Available immediately
899 €/m,"block of flats, 38.5 m²",2h+kk,"Espoo
    , Tapiola 
 
    , Elosalamantie 4 H",Available from 12/1/21
879 €/m,"block of flats, 51.5 m²",2h+kt,"Espoo
    , Suurpelto 
 
    , Henttaan puistokatu 6 A",Available immediately
879 €/m,"block of flats, 56 m²",2h+k,"Espoo
    , Matinkylä 
 
    , Matinkatu 10 G",Available immediately
849 €/m,"block of flats, 43 m²",2h+kk,"Espoo
    , Matinkylä 
 
    , Matinkatu 10 G",Available immediately
849 €/m,"block of flats, 43 m²",2h+kt,"Espoo
    , Suurpelto 
 
    , Likusterikatu 1 D",Available immediately
749 €/m,"block of flats, 28.5 m²",1h+kt,"Espoo
    , Niittykumpu 
 
    , Kappelirinne 4 B","Available immediately|Display 11/30/21 
                  
                    4:30 PM"
839 €/m,"block of flats, 43 m²",2h+kt,"Espoo
    , Suurpelto 
 
    , Likusterikatu 1 D",Available immediately
829 €/m,"block of flats, 40 m²",2h+kt,"Espoo
    , Suurpelto 
 
    , Henttaan puistokatu 8 C",Available immediately
949 €/m,"block of flats, 44.5 m²",2h+kt,"Espoo
    , Niittykumpu 
 
    , Kappelirinne 4 A","Available immediately|Display 11/30/21 
                  
                    4:30 PM"
"1,059 €/m","block of flats, 82 m²",3h+k,"Espoo
    , Kivenlahti 
 
    , Aalto 4 A",Available from 12/1/21
839 €/m,"block of flats, 59 m²",2h+k,"Espoo
    , Soukka 
 
    , Soukankaari 13 E",Available immediately
739 €/m,"block of flats, 24 m²",1h+kk,"Espoo
    , Tapiola 
 
    , Kaskenkaatajantie 5 B",Available from 1/1/22
899 €/m,"block of flats, 47 m²",2h+kk+s,"Espoo
    , Leppävaara 
 
    , Bertel Jungin aukio 4 A",Available immediately
899 €/m,"block of flats, 51.5 m²",2h+k,"Espoo
    , Matinkylä 
 
    , Kala-Matti 3 C",Available immediately
979 €/m,"block of flats, 68.5 m²",3h+kk+s,"Espoo
    , Soukka 
 
    , Soukankuja 4 B",Available immediately
829 €/m,"block of flats, 32 m²",1h+kk,"Espoo
    , Tapiola 
 
    , Elosalamantie 4 B",Available immediately
769 €/m,"block of flats, 41.5 m²",1h+kk,"Espoo
    , Suurpelto 
 
    , Henttaan puistokatu 8 A",Available immediately
"1,069 €/m","block of flats, 74 m²",3h+k,"Espoo
    , Karakallio 
 
    , Kotkatie 6 H",Available immediately
785 €/m,"block of flats, 29.5 m²",1h+kt,"Espoo
    , Niittykumpu 
 
    , Kappelirinne 4 B","Available immediately|Display 11/30/21 
                  
                    4:30 PM"
829 €/m,"block of flats, 49 m²",2h+kk,"Espoo
    , Karakallio 
 
    , Kotkatie 6 D",Available immediately
979 €/m,"block of flats, 61.5 m²",3h+k,"Espoo
    , Soukka 
 
    , Soukankuja 4 A",Available immediately
795 €/m,"block of flats, 26.5 m²",1h+kt,"Espoo
    , Niittykumpu 
 
    , Kappelirinne 4 B","Available immediately|Display 11/30/21 
                  
                    4:30 PM"
759 €/m,"block of flats, 35.5 m²",1h+kk,"Espoo
    , Leppävaara 
 
    , Perkkaankuja 3 A",Available immediately
879 €/m,"block of flats, 56 m²",2h+k,"Espoo
    , Matinkylä 
 
    , Matinkatu 10 D",Available immediately
785 €/m,"block of flats, 29.5 m²",1h+kt,"Espoo
    , Niittykumpu 
 
    , Kappelirinne 4 B","Available immediately|Display 11/30/21 
                  
                    4:30 PM"
829 €/m,"block of flats, 53.5 m²",2h+k,"Espoo
    , Soukka 
 
    , Kaskivuorenkuja 3 C",Available immediately
819 €/m,"block of flats, 33.5 m²",1h+k,"Espoo
    , Matinkylä 
 
    , Matinniitynkuja 8 B",Available immediately
829 €/m,"block of flats, 53.5 m²",2h+k,"Espoo
    , Soukka 
 
    , Kaskivuorenkuja 3 A",Available immediately
"1,359 €/m","block of flats, 73 m²",3h+k+s,"Espoo
    , Leppävaara 
 
    , Rummunlyöjänkatu 11 D",Available immediately
799 €/m,"block of flats, 37 m²",2h+k,"Espoo
    , Saunalahti 
 
    , Magneettikatu 8 A",Available immediately
729 €/m,"block of flats, 28.5 m²",1h+kk,"Espoo
    , Olari 
 
    , Kuunsirppi 6 A",Available immediately
829 €/m,"block of flats, 55 m²",2+k,"Espoo
    , Soukka 
 
    , Alakartanontie 4 A",Available immediately
999 €/m,"row house, 56 m²",2h+k+s,"Espoo
    , Lintuvaara 
 
    , Lintukorvenkuja 1",Available immediately
829 €/m,"block of flats, 49 m²",2h+kk,"Espoo
    , Karakallio 
 
    , Kotkatie 6 A",Available immediately
879 €/m,"block of flats, 56 m²",2h+k,"Espoo
    , Matinkylä 
 
    , Matinkatu 10 F",Available immediately
829 €/m,"block of flats, 49 m²",2h+kk,"Espoo
    , Karakallio 
 
    , Kotkatie 6 E",Available immediately
829 €/m,"block of flats, 31 m²",1h+kt,"Espoo
    , Niittykumpu 
 
    , Merituulentie 38 A",Available immediately
829 €/m,"block of flats, 47.5 m²",2h+kk,"Espoo
    , Laajalahti 
 
    , Heinjoenpolku 2 K-O N",Available immediately
759 €/m,"block of flats, 35.5 m²",1h+kk,"Espoo
    , Leppävaara 
 
    , Perkkaankuja 3 D",Available immediately
"1,059 €/m","block of flats, 82 m²",3h+k,"Espoo
    , Kivenlahti 
 
    , Aalto 4 D",Available immediately
839 €/m,"block of flats, 51.4 m²",2h+k,"Espoo
    , Viherlaakso 
 
    , Viherlaaksonranta 7 G",Available immediately
729 €/m,"block of flats, 32 m²",1h+kk,"Espoo
    , Tuomarila 
 
    , Kulovalkeankuja 2 B",Available immediately
839 €/m,"block of flats, 62 m²",2h+k,"Espoo
    , Soukka 
 
    , Soukankaari 11 A",Available immediately
999 €/m,"block of flats, 47.5 m²",2h+kt,"Espoo
    , Niittykumpu 
 
    , Kappelirinne 4 A","Available immediately|Display 11/30/21 
                  
                    4:30 PM"
829 €/m,"block of flats, 49 m²",2h+kk,"Espoo
    , Karakallio 
 
    , Kotkatie 6 C",Available immediately
839 €/m,"block of flats, 49.5 m²",2h+kk+s,"Espoo
    , Nöykkiö 
 
    , Eestintaival 3 D",Available immediately
849 €/m,"block of flats, 45.5 m²",2h+kt,"Espoo
    , Suurpelto 
 
    , Henttaan puistokatu 6 A",Available immediately
699 €/m,"block of flats, 31 m²",1h+kk,"Espoo
    , Laajalahti 
 
    , Heinjoenpolku 2 P-Y X",Available immediately
699 €/m,"block of flats, 31 m²",1h+kk,"Espoo
    , Laajalahti 
 
    , Heinjoenpolku 2 P-Y T",Available immediately
849 €/m,"block of flats, 59 m²",2h+k,"Espoo
    , Karakallio 
 
    , Kotkatie 6 F",Available immediately
"1,039 €/m","block of flats, 81 m²",3+k,"Espoo
    , Soukka 
 
    , Alakartanontie 4 A",Available immediately
849 €/m,"block of flats, 52 m²",2h+kk+s,"Espoo
    , Nöykkiö 
 
    , Eestintaival 3 E",Available immediately
899 €/m,"block of flats, 51.5 m²",2h+k,"Espoo
    , Matinkylä 
 
    , Kala-Matti 3 B",Available immediately
929 €/m,"block of flats, 45 m²",2h+kt,"Espoo
    , Niittykumpu 
 
    , Kappelirinne 4 B","Available immediately|Display 11/30/21 
                  
                    4:30 PM"
"1,079 €/m","block of flats, 80 m²",3h+k,"Espoo
    , Soukka 
 
    , Soukankaari 11 E",Available immediately
999 €/m,"block of flats, 47.5 m²",2h+kt,"Espoo
    , Niittykumpu 
 
    , Kappelirinne 4 A","Available immediately|Display 11/30/21 
                  
                    4:30 PM"
"1,059 €/m","block of flats, 76 m²",3h+k,"Espoo
    , Soukka 
 
    , Alakartanontie 13 F",Available immediately
779 €/m,"block of flats, 33 m²",1h+kt,"Espoo
    , Leppävaara 
 
    , Runoratsunkatu 5 A",Available from 12/1/21
"1,069 €/m","block of flats, 74 m²",3h+k,"Espoo
    , Karakallio 
 
    , Kotkatie 6 I",Available immediately
"1,139 €/m","block of flats, 74.5 m²",3h+k+s,"Espoo
    , Leppävaara 
 
    , Kyyhkysmäki 9 B",Available immediately
929 €/m,"block of flats, 45 m²",2h+kt,"Espoo
    , Niittykumpu 
 
    , Kappelirinne 4 B","Available immediately|Display 11/30/21 
                  
                    4:30 PM"
849 €/m,"block of flats, 44.5 m²",2h+kk,"Espoo
    , Matinkylä 
 
    , Kala-Matti 3 A",Available immediately
"1,099 €/m","block of flats, 68.5 m²",3h+k+s,"Espoo
    , Kilo 
 
    , Vanharaide 1 B",Available immediately
899 €/m,"block of flats, 51 m²",2h+kk+s,"Espoo
    , Kilo 
 
    , Ruotutorppa 8 C",Available immediately
839 €/m,"block of flats, 51.4 m²",2h+k,"Espoo
    , Viherlaakso 
 
    , Viherlaaksonranta 7 E",Available immediately
879 €/m,"block of flats, 56 m²",2h+k,"Espoo
    , Matinkylä 
 
    , Matinraitti 11 C",Available immediately
"1,455 €/m","block of flats, 68 m²",3h+kt,"Espoo
    , Kivenlahti 
 
    , Marinportti 4 A",Available on agreement
725 €/m,"block of flats, 32 m²",1h+kt,"Espoo
    , Sepänkylä 
 
    , Peuraniitty 1 D",Available on agreement
725 €/m,"block of flats, 32.5 m²",1h+kt,"Espoo
    , Sepänkylä 
 
    , Peuraniitty 1 D",Available on agreement
"1,038 €/m","block of flats, 55.5 m²",2H+K,"Espoo
    , Suurpelto 
 
    , Klariksentie 6",Available immediately
"1,200 €/m","block of flats, 65 m²","3h + kk, parveke","Espoo
    , Tapiola 
 
    , Hakakuja 2 C42",Available immediately
850 €/m,"block of flats, 42.5 m²",2h+kk,"Espoo
    , Tapiola 
 
    , Pohjantie 2",Available from 11/30/21
795 €/m,"block of flats, 48.5 m²",2h+kk,"Espoo
    , Saunalahti 
 
    , Linjaloistonkatu 7 A",Available immediately
"1,084 €/m","block of flats, 61 m²",2h+k,"Espoo
    , Suurpelto 
 
    , Piilipuuntie 1D",Available immediately
"1,010 €/m","block of flats, 45 m²",2h+kt,"Espoo
    , Olari 
 
    , Piispanportti 9",Available from 12/1/21
824 €/m,"block of flats, 38 m²",1h+kt,"Espoo
    , Ymmersta 
 
    , Ullanmäentie 12",Available from 12/1/21
"1,040 €/m","block of flats, 64.5 m²",3h+kk,"Espoo
    , Suurpelto 
 
    , Piilipuuntie 1B",Available immediately
852 €/m,"block of flats, 50.5 m²",2h+kk,"Espoo
    , Suurpelto 
 
    , Piilipuuntie 1A",Available immediately
811 €/m,"block of flats, 37.5 m²",1h+kt+s,"Espoo
    , Suurpelto 
 
    , Piilipuuntie 17",Available immediately
"1,315 €/m","block of flats, 71 m²",3H+KT+S,"Espoo
    , Kilo 
 
    , Nihtitorpankuja 3",Available immediately
535.24 €/m,"block of flats, 30.5 m²",1H+KT,"Espoo
    , Karakallio 
 
    , Karakalliontie 1 L",Available immediately
"1,237 €/m","block of flats, 68.5 m²",3H+KT+S,"Espoo
    , Kilo 
 
    , Nihtitorpankuja 3",Available immediately
"1,000 €/m","block of flats, 43 m²",2h + avok + s + p,"Espoo
    , Suurpelto 
 
    , Klariksentie 4",Available from 11/21/21
899 €/m,"block of flats, 40.5 m²",2H+KT,"Espoo
    , Leppävaara 
 
    , Leirikaari 24",Available immediately
998 €/m,"block of flats, 49.5 m²",2H+KK+S,"Espoo
    , Järvenperä 
 
    , Aurorankuja 3",Available immediately
"1,211 €/m","block of flats, 69 m²",3H+K+S,"Espoo
    , Järvenperä 
 
    , Aurorankuja 3",Available immediately
950 €/m,"block of flats, 70.3 m²",3h+k+kph+vh+p,"Espoo
    , Haukilahti 
 
    , Kuhatie 12-18 C",Available immediately
476.81 €/m,"block of flats, 36.5 m²",1H+KK,"Espoo
    , Saunalahti 
 
    , Kummelivuorentie 3",Available from 12/24/21
"1,340 €/m","block of flats, 73 m²",3H+K,"Espoo
    , Otaniemi 
 
    , Servinkuja 3",Available immediately
910 €/m,"block of flats, 33.5 m²",1H+KT,"Espoo
    , Niittykumpu 
 
    , Koivu-Mankkaan tie 1",Available immediately
985 €/m,"block of flats, 56.5 m²",3h+avok,"Espoo
    , Kauklahti 
 
    , Hansakallio 3 A",Available from 12/1/21
945 €/m,"block of flats, 47.5 m²",2h+kk,"Espoo
    , Niittykumpu 
 
    , Niittytaival 7 A",Available from 1/1/22
"1,016 €/m","block of flats, 51 m²",2H+KK+S,"Espoo
    , Järvenperä 
 
    , Aurorankuja 3",Available immediately
960 €/m,"block of flats, 46.5 m²",2h+kt+s,"Espoo
    , Vermonniitty 
 
    , Kaarlo Sarkian katu 10 D",Available from 12/1/21
958 €/m,"block of flats, 59.5 m²",2H+K,"Espoo
    , Espoon keskus 
 
    , Asemakuja 3",Available immediately
909 €/m,"block of flats, 46 m²",2H+KK+S,"Espoo
    , Matinkylä 
 
    , Kala-Maija 3",Available immediately
968 €/m,"block of flats, 55 m²",2H+KT+S,"Espoo
    , Tuomarila 
 
    , Kulovalkeantie 21",Available immediately
"1,479.62 €/m","block of flats, 96 m²",4H+KT,"Espoo
    , Matinkylä 
 
    , Matinkatu 22 F",Available immediately
916 €/m,"block of flats, 46.5 m²",2H+KK+S,"Espoo
    , Matinkylä 
 
    , Kala-Maija 3",Available immediately
660 €/m,"block of flats, 26 m²",1h+kt+rp,"Espoo
    , Saunalahti 
 
    , Tyyrpuuri 2",Available immediately
543 €/m,"block of flats, 13 m²","Omahuone, ak, jaettu kph","Espoo
    , Kuninkainen 
 
    , Herttuantie 4",Available from 12/10/21
"1,230 €/m","block of flats, 71 m²",3H+KT+S,"Espoo
    , Espoon keskus 
 
    , Valakuja 8",Available immediately
958 €/m,"block of flats, 48 m²",2H+KT,"Espoo
    , Kivenlahti 
 
    , Marinkallio 4",Available immediately
"1,099 €/m","block of flats, 72 m²",3H+K,"Espoo
    , Kivenlahti 
 
    , Jälkimaininki 4",Available immediately
690 €/m,"block of flats, 29.5 m²",1h+kt+lasit. parveke,"Espoo
    , Perkkaa 
 
    , Majurinkatu 3 A",Available immediately
800 €/m,"block of flats, 32.5 m²",1h+kt+ tilava lasitettu parvek,"Espoo
 
    , Korkoontie 4 B31",Available immediately
727.83 €/m,"block of flats, 63.5 m²",2H+K+S,"Espoo
    , Saarniraivio 
 
    , Sokinsuontie 9",Available from 1/5/22
939 €/m,"block of flats, 48.5 m²",2h+kk+s,"Espoo
    , Leppävaara 
 
    , Zanseninkuja 2",Available from 12/1/21
753 €/m,"block of flats, 26 m²",1h+kt+p,"Espoo
    , Olari 
 
    , Ylismäentie 12",Available immediately
802 €/m,"block of flats, 28.5 m²",1h+kt+p,"Espoo
    , Olari 
 
    , Ylismäentie 12",Available immediately
799 €/m,"block of flats, 29.5 m²",1H+KT,"Espoo
    , Vermonniitty 
 
    , Uuno Kailaan katu 4",Available from 1/1/22
790 €/m,"block of flats, 43 m²",2h + kk + kph + vh,"Espoo
    , Matinkylä 
 
    , Matinraitti 14 C",Available immediately
995.62 €/m,"block of flats, 78.5 m²",3h+k+s+p,"Espoo
    , Espoon keskus 
 
    , Reviisorinkatu 3 C 26",Available immediately
770 €/m,"block of flats, 29.5 m²",1h+kt,"Espoo
    , Vermonniitty 
 
    , Perilänniitty 3 A",Available on agreement
775 €/m,"block of flats, 33 m²",1h+kt+ransk.parv,"Espoo
    , Vermonniitty 
 
    , Perilänniitty 3 A",Available immediately
762 €/m,"block of flats, 39 m²",1h+kt,"Espoo
    , Saunalahti 
 
    , Saunalahdenkatu 1 B",Available immediately
720 €/m,"block of flats, 32 m²",1h+kt,"Espoo
    , Espoon keskus 
 
    , Suviniitynkatu 1",Available immediately
"1,095 €/m","block of flats, 56.5 m²",3h+kt,"Espoo
    , Espoon keskus 
 
    , Suviniitynkatu 1",Available immediately
"1,095 €/m","block of flats, 56.5 m²",3h+kt,"Espoo
    , Espoon keskus 
 
    , Suviniitynkatu 1",Available immediately
779 €/m,"block of flats, 43.5 m²",2h+kt,"Espoo
    , Suurpelto 
 
    , Piilipuuntie 15 B",Available immediately
"1,095 €/m","block of flats, 56.5 m²",3h+kt,"Espoo
    , Espoon keskus 
 
    , Suviniitynkatu 1",Available immediately
"1,224 €/m","block of flats, 67 m²",3H+KT+S,"Espoo
    , Tuomarila 
 
    , Kulovalkeantie 21",Available immediately
"1,160 €/m","block of flats, 33 m²","1h, 1minik, kph, wc","Espoo
    , Leppävaara 
 
    , Porarinkatu 3",Available immediately
"1,760 €/m","block of flats, 43.5 m²","2h, kk, kph, p","Espoo
    , Matinkylä 
 
    , Matinniitynkuja 1",Available from 12/10/21
755 €/m,"block of flats, 34.5 m²",1h+kk,"Espoo
    , Tuomarila 
 
    , Ratalaaksonkuja 14",Available immediately
"1,110 €/m","block of flats, 71 m²",3h+k+s,"Espoo
    , Tuomarila 
 
    , Kulovalkeantie 17",Available immediately
780 €/m,"block of flats, 38.5 m²",1h+kt,"Espoo
    , Ymmersta 
 
    , Ullanmäentie 14",Available immediately
"1,190 €/m","block of flats, 73 m²",3h+k+s,"Espoo
    , Tuomarila 
 
    , Kulovalkeantie 17",Available immediately
"1,320 €/m","block of flats, 69.5 m²",3h+kt+s,"Espoo
    , Vermonniitty 
 
    , Perilänniitty 2",Available immediately
820 €/m,"block of flats, 44 m²",2h+kk,"Espoo
    , Tuomarila 
 
    , Ratalaaksonkuja 14",Available immediately
650 €/m,"block of flats, 32 m²",1h+kt+alk.,"Espoo
    , Vermonniitty 
 
    , Kaarlo Sarkian katu 8",Available immediately
833 €/m,"block of flats, 41 m²",1h+kk+s,"Espoo
    , Matinkylä 
 
    , Nelikkotie 2",Available from 12/13/21
960 €/m,"block of flats, 51 m²",2h+kk+s,"Espoo
    , Matinkylä 
 
    , Nelikkotie 2",Available immediately
950 €/m,"block of flats, 51.5 m²",2h+k+sauna,"Espoo
    , Piispansilta 
 
    , Piispanpiha 4 C",Available immediately
830 €/m,"block of flats, 39 m²",2h,"Espoo
    , Olari 
 
    , Kuvastimentie 1",Available immediately
834 €/m,"block of flats, 42.5 m²",2h+kt,"Espoo
    , Suurpelto 
 
    , Maakirjantie 1",Available immediately
877 €/m,"block of flats, 47 m²",2h+kt,"Espoo
    , Suurpelto 
 
    , Maakirjantie 1",Available immediately
473 €/m,"block of flats, 10 m²",Omahuone,"Espoo
    , Kivenlahti 
 
    , Aallonhuippu 4",Available immediately
640 €/m,"block of flats, 28 m²",1h + avok + alk + p,"Espoo
    , Saunalahti 
 
    , Linjaloistonkatu 3",Available immediately
850 €/m,"block of flats, 56.5 m²",2h+k+p,"Espoo
    , Leppävaara 
 
    , Vallikatu 17",Available immediately
871 €/m,"block of flats, 39.5 m²",1h+kt,"Espoo
    , Niittykumpu 
 
    , Niittyportinpolku 2 B",Available immediately
840 €/m,"block of flats, 35 m²",1h+kt,"Espoo
    , Niittykumpu 
 
    , Niittysillankulma 2 F",Available immediately
973 €/m,"block of flats, 52.5 m²",2h+k,"Espoo
    , Haukilahti 
 
    , Kiiskenevä 2 E",Available from 12/20/21
849 €/m,"block of flats, 45.5 m²",2h+k+kph+vh,"Espoo
    , Tapiola 
 
    , Kelohongantie 9 A",Available immediately
950 €/m,"block of flats, 56 m²","2h,k,kph,lasit.p","Espoo
    , Suvela 
 
    , Kirstinsyrjä 6A10",Available immediately
"1,070 €/m","block of flats, 43 m²",2h,"Espoo
    , Tapiola 
 
    , Jousenportti",Available immediately
595.4 €/m,"balcony access block, 35.5 m²",1H+KT,"Espoo
 
    , Friisinmäenaukio 7",Available from 1/1/22
802.14 €/m,"balcony access block, 44 m²",2H+KT,"Espoo
 
    , Friisinmäenaukio 7",Available from 1/1/22
909.12 €/m,"row house, 85 m²",3H+K+S,"Espoo
    , Miilukorpi 
 
    , Sysimaa 7",Available from 12/31/21
885 €/m,"block of flats, 59.5 m²",2H+K,"Espoo
    , Saarniraivio 
 
    , Saarnimäenkuja 4",Available immediately
"1,135 €/m","block of flats, 77 m²",3H+K,"Espoo
    , Suvela 
 
    , Kirstinharju 23",Available immediately
"1,106.47 €/m","row house, 80 m²",3h+k+s,"Espoo
    , Iivisniemi 
 
    , Norppatie 9",Available from 12/31/21
"1,744 €/m","block of flats, 51 m²","2h, ak, kph, p","Espoo
    , Tapiola 
 
    , Elosalamantie 2",Available from 12/4/21
"1,291 €/m","block of flats, 32 m²","1h, kk, kph, p","Espoo
    , Olari 
 
    , Ilmakuja 3",Available from 12/13/21
"2,171 €/m","block of flats, 45 m²","2h, ak, kph, p","Espoo
    , Niittykumpu 
 
    , Niittymaantie 10",Available from 12/1/21
"1,078.43 €/m","block of flats, 70 m²",3H+K,"Espoo
    , Suurpelto 
 
    , Piilipuuntie 7",Available immediately
885 €/m,"block of flats, 40.5 m²",2H+KK,"Espoo
    , Espoon keskus 
 
    , Valakuja 8",Available immediately
819 €/m,"block of flats, 28 m²",1H+KT,"Espoo
    , Vermonniitty 
 
    , Uuno Kailaan katu 5",Available immediately
838 €/m,"block of flats, 28 m²",1H+KT,"Espoo
    , Niittykumpu 
 
    , Koivu-Mankkaan tie 1",Available immediately
830 €/m,"block of flats, 37 m²",2H+KK,"Espoo
    , Laaksolahti 
 
    , Rastasniityntie 1",Available immediately
973 €/m,"block of flats, 51 m²",2H+KK,"Espoo
 
    , Ratamotie 6",Available immediately
768 €/m,"block of flats, 39.5 m²",2h+kt,"Espoo
    , Suurpelto 
 
    , Suurpellon puistokatu 4",Available from 12/1/21
"1,130.65 €/m","block of flats, 80.5 m²",3H+K+S,"Espoo
    , Suurpelto 
 
    , Suurpellon Puistokatu 6 A-C",Available from 12/23/21
875 €/m,"block of flats, 34 m²",1h+kt,"Espoo
    , Olari 
 
    , Piispanportti 9",Available from 12/1/21
860 €/m,"block of flats, 34 m²",1h+kt,"Espoo
    , Olari 
 
    , Piispanportti 9",Available from 12/1/21
995 €/m,"block of flats, 44 m²",2h+kt,"Espoo
    , Olari 
 
    , Piispanportti 9",Available from 12/1/21
830 €/m,"block of flats, 31.5 m²",1h+k,"Espoo
    , Olari 
 
    , Piispanportti 9",Available from 12/1/21
950.53 €/m,"block of flats, 75 m²",3H+K+S,"Espoo
    , Kilo 
 
    , Trillakatu 2",Available from 12/31/21
"1,095 €/m","block of flats, 77.5 m²",3H+K,"Espoo
    , Espoonlahti 
 
    , Puosunrinne 6",Available immediately
855 €/m,"block of flats, 49 m²",2H+KK,"Espoo
    , Pohjois-Tapiola 
 
    , Tietäjäntie 3",Available immediately
"1,010 €/m","block of flats, 55 m²",2H+KT+S,"Espoo
    , Laaksolahti 
 
    , Rastasniityntie 1",Available immediately
580.94 €/m,"block of flats, 47 m²",2H+KK+S,"Espoo
    , Suvela 
 
    , Joupinmäensyrjä 8",Available from 12/30/21
880 €/m,"block of flats, 45.5 m²",2H+KK,"Espoo
    , Espoon keskus 
 
    , Asemakuja 1",Available immediately
"1,320 €/m","block of flats, 71 m²",3H+K+S,"Espoo
 
    , Ratamotie 6",Available immediately
"2,500 €/m","block of flats, 120 m²",6h+k+parveke,"Espoo
    , Otaniemi 
 
    , Otakallio 2 B",Available immediately
"2,750 €/m","single-family house, 212 m²","FURNISHED VILLA; 5r, s, terrac...","Espoo
    , Laaksolahti 
 
    , Tapiontie 5",Available on agreement
920 €/m,"block of flats, 49.5 m²",2H+KT+S,"Espoo
    , Ymmersta 
 
    , Ullantorpantie 3",Available immediately
720 €/m,"block of flats, 27 m²",1h+kt,"Espoo
    , Vermonniitty 
 
    , Anna Sahlsténin katu 10",Available immediately
841.11 €/m,"row house, 73 m²",3H+K+S,"Espoo
    , Karhusuo 
 
    , Ylämyllyntie 9 C 20",Available immediately
838 €/m,"block of flats, 41 m²",2h+kk,"Espoo
    , Matinkylä 
 
    , Nelikkotie 8 B",Available immediately
847.95 €/m,"block of flats, 43 m²",2H+KK,"Espoo
    , Suurpelto 
 
    , Piilipuuntie 7",Available immediately
763 €/m,"block of flats, 34.5 m²",2h+kt,"Espoo
    , Kauklahti 
 
    , Tegelhagen 2",Available immediately
687 €/m,"block of flats, 28 m²",1h+tupak,"Espoo
    , Järvenperä 
 
    , Pellaksenmäentie 15",Available immediately
880 €/m,"block of flats, 40 m²",2H+KT,"Espoo
    , Espoon keskus 
 
    , Valakuja 8",Available immediately
"1,754 €/m","block of flats, 50 m²","2h, kk, kph, wc, p","Espoo
    , Niittykumpu 
 
    , Niittykatu 2",Available from 12/7/21
830 €/m,"block of flats, 44 m²",2h+kk,"Espoo
    , Tuomarila 
 
    , Ratalaaksonkuja 14",Available immediately
990 €/m,"block of flats, 46 m²",2h+k+kph+lasitettu parveka,"Espoo
    , Niittykumpu 
 
    , Niittytaival 5",Available immediately
985 €/m,"block of flats, 47.5 m²",2H+KT+S,"Espoo
    , Vermonniitty 
 
    , Uuno Kailaan katu 5",Available immediately
899 €/m,"block of flats, 59 m²",2H+K,"Espoo
    , Saarniraivio 
 
    , Saarnimäenkuja 4",Available immediately
930 €/m,"block of flats, 52.5 m²",2 h+k+p,"Espoo
    , Leppävaara 
 
    , Harakantie 20",Available immediately
909 €/m,"block of flats, 40.5 m²",1H+KT,"Espoo
    , Leppävaara 
 
    , Ajurinkuja 1",Available immediately
849 €/m,"block of flats, 43 m²",2h+kk,"Espoo
    , Matinkylä 
 
    , Nelikkotie 8 C",Available immediately
745 €/m,"block of flats, 29 m²",1h+kt,"Espoo
    , Suurpelto 
 
    , Suurpellon puistokatu 7 B",Available immediately
760 €/m,"block of flats, 27.5 m²",1h+kt+parv.,"Espoo
    , Mäkkylä 
 
    , Komendantintie 1",Available immediately
840 €/m,"block of flats, 31.5 m²",1h+kt,"Espoo
    , Niittykumpu 
 
    , Niittykatu 11 A19",Available immediately
928 €/m,"block of flats, 48.5 m²",2H+KK,"Espoo
    , Suurpelto 
 
    , Piilipuuntie 25",Available immediately
"1,015 €/m","block of flats, 53 m²",2H+KT+S,"Espoo
    , Kilo 
 
    , Nihtitorpankuja 3",Available immediately
837 €/m,"block of flats, 36 m²",1H+KT,"Espoo
    , Leppävaara 
 
    , Ajurinkuja 1",Available immediately
751.41 €/m,"block of flats, 50.5 m²",2H+K+S,"Espoo
    , Leppävaara 
 
    , Gyldenärinkatu 1",Available from 12/29/21
940 €/m,"block of flats, 51.5 m²",2h+kk,"Espoo
    , Olari 
 
    , Kuvastimentie 1 E",Available immediately
950 €/m,"block of flats, 42 m²",2H+KT,"Espoo
    , Matinkylä 
 
    , Rauhalanpuisto 4",Available immediately
"1,075 €/m","block of flats, 54.5 m²",2H+KT,"Espoo
    , Vermonniitty 
 
    , Uuno Kailaan katu 5",Available immediately
751.51 €/m,"block of flats, 60.5 m²",2h+kk+s,"Espoo
    , Vanttila 
 
    , Puusorvarintie 3",Available immediately
875 €/m,"block of flats, 33 m²",1H+KT,"Espoo
    , Niittykumpu 
 
    , Koivu-Mankkaan tie 1",Available immediately
880 €/m,"block of flats, 33.5 m²",1H+KT,"Espoo
    , Niittykumpu 
 
    , Koivu-Mankkaan tie 1",Available immediately
912 €/m,"block of flats, 58 m²",2H+K,"Espoo
    , Espoon keskus 
 
    , Sinettikuja 3",Available immediately
812 €/m,"block of flats, 27.5 m²",1H+KT,"Espoo
    , Vermonniitty 
 
    , Uuno Kailaan katu 5",Available immediately
"1,145 €/m","block of flats, 72 m²",3H+K,"Espoo
    , Suvela 
 
    , Kirstinharju 23",Available immediately
"1,128 €/m","block of flats, 77 m²",3H+K,"Espoo
    , Suvela 
 
    , Kirstinharju 23",Available immediately
841 €/m,"block of flats, 42.5 m²",2h+kt,"Espoo
    , Painiitty 
 
    , Lotankatu 8",Available immediately
877 €/m,"block of flats, 46.5 m²",2h+kt,"Espoo
 
    , Piispanpiha 5 B",Available immediately
562.02 €/m,"block of flats, 49.5 m²",2H+KK+S,"Espoo
    , Suvela 
 
    , Suvelantie 14",Available from 12/27/21
763.89 €/m,"block of flats, 57 m²",2H+KK+S,"Espoo
    , Saunalahti 
 
    , Tiimalasintie 4",Available from 12/29/21
979.38 €/m,"block of flats, 75 m²",3H+K+S,"Espoo
 
    , Ruutikuja 1",Available immediately
800 €/m,"block of flats, 36.5 m²",1H+KK+P,"Espoo
    , Olari 
 
    , Kuvastimentie 1 G",Available immediately
"1,028 €/m","block of flats, 53.5 m²",2H+KT+S,"Espoo
    , Vermonniitty 
 
    , Uuno Kailaan katu 5",Available immediately
935 €/m,"block of flats, 47 m²",2H+KT,"Espoo
    , Vermonniitty 
 
    , Uuno Kailaan katu 6",Available immediately
866 €/m,"block of flats, 49 m²",2H+KK,"Espoo
    , Pohjois-Tapiola 
 
    , Tietäjäntie 3",Available immediately
912 €/m,"block of flats, 49 m²",2H+KK,"Espoo
    , Pohjois-Tapiola 
 
    , Tietäjäntie 3",Available immediately
955 €/m,"block of flats, 59 m²",2H+K,"Espoo
    , Espoon keskus 
 
    , Asemakuja 3",Available immediately
"1,047.94 €/m","detached house, 78 m²",3H+K+S,"Espoo
    , Pisa 
 
    , Finnoontie 36",Available from 12/28/21
976 €/m,"block of flats, 53 m²",2h+kt,"Espoo
    , Matinkylä 
 
    , Matinkallio 7 B",Available immediately
960 €/m,"block of flats, 52.5 m²",2h+k,"Espoo
    , Haukilahti 
 
    , Kiiskenevä 2 B",Available immediately
940 €/m,"block of flats, 53 m²",2h+kt,"Espoo
 
    , Piispanpiha 5 C",Available immediately
784 €/m,"block of flats, 40 m²",2h+kk,"Espoo
 
    , Muurarinkuja 1 D",Available immediately
"1,017 €/m","block of flats, 53.5 m²",3h+kt,"Espoo
    , Niittykumpu 
 
    , Niittykatu 10 C",Available immediately
"1,190 €/m","block of flats, 64.5 m²",3H+KT,"Espoo
    , Vermonniitty 
 
    , Anna Sahlsténin katu 8",Available immediately
865 €/m,"block of flats, 43 m²",1H+TK+S,"Espoo
    , Leppävaara 
 
    , Itsehallintotie 1",Available immediately
"1,053 €/m","block of flats, 66 m²",3h+kt+s,"Espoo
    , Suurpelto 
 
    , Likusterikatu 1 A-C",Available immediately
960 €/m,"block of flats, 50.5 m²",2h+k+s,"Espoo
    , Matinkylä 
 
    , Nelikkotie 2",Available immediately
"1,215.51 €/m","block of flats, 86 m²",4H+K,"Espoo
    , Suurpelto 
 
    , Maakirjantie 2",Available immediately
915 €/m,"block of flats, 46.5 m²",2h+kt,"Espoo
    , Kilo 
 
    , Kilonportti 5",Available immediately
"1,182 €/m","block of flats, 68.5 m²",3h+kk+s,"Espoo
    , Matinkylä 
 
    , Nelikkotie 2",Available immediately
932 €/m,"block of flats, 33.5 m²",1H+KT,"Espoo
    , Niittykumpu 
 
    , Koivu-Mankkaan tie 1",Available immediately
832 €/m,"block of flats, 30.5 m²",1H+KT,"Espoo
    , Matinkylä 
 
    , Rauhalanpuisto 4",Available immediately
925 €/m,"block of flats, 49.5 m²",2h+kk,"Espoo
    , Olari 
 
    , Kuvastimentie 1 F",Available immediately
970 €/m,"block of flats, 45.5 m²",2h+kt,"Espoo
    , Niittykumpu 
 
    , Niittyportinpolku 2 A",Available immediately
"1,180 €/m","block of flats, 56 m²",3h+kk,"Espoo
    , Tapiola 
 
    , Tietäjäntie 11 B",Available immediately
"1,533.11 €/m","balcony access block, 113.5 m²",6H+K+S,"Espoo
    , Leppävaara 
 
    , Nuotiopiha 1 C 42",Available from 12/4/21
890 €/m,"block of flats, 59.5 m²",2h+k+s,"Espoo
    , Tuomarila 
 
    , Tuomarilantie 9",Available immediately
857.73 €/m,"block of flats, 49.5 m²",2H+KK,"Espoo
    , Suurpelto 
 
    , Klariksentie 2",Available immediately
"1,119.32 €/m","block of flats, 69.5 m²",3H+K,"Espoo
    , Leppävaara 
 
    , Leppäviita 5",Available immediately
921 €/m,"block of flats, 33 m²",1H+KT,"Espoo
    , Niittykumpu 
 
    , Koivu-Mankkaan tie 1",Available immediately
"1,055 €/m","block of flats, 39.5 m²",2H+KT,"Espoo
    , Niittykumpu 
 
    , Koivu-Mankkaan tie 1",Available immediately
800 €/m,"block of flats, 29.5 m²",1h+kt,"Espoo
    , Olari 
 
    , Piispanportti 9",Available from 12/1/21
"1,000 €/m","block of flats, 44 m²",2h+kt,"Espoo
    , Olari 
 
    , Piispanportti 9",Available from 12/1/21
850 €/m,"block of flats, 34 m²",1h+kt,"Espoo
    , Olari 
 
    , Piispanportti 9",Available from 12/1/21
924 €/m,"block of flats, 40 m²",2H+KT,"Espoo
    , Leppävaara 
 
    , Leirikaari 24",Available immediately
961 €/m,"block of flats, 46.5 m²",2h+kt,"Espoo
    , Matinkylä 
 
    , Matinkallio 7 A",Available immediately
"1,158 €/m","block of flats, 65.5 m²",3h+kt,"Espoo
    , Vermonniitty 
 
    , Perilänniitty 7 C",Available on agreement
950 €/m,"block of flats, 55 m²",2h+k+s,"Espoo
    , Kilo 
 
    , Kilonpurontie 4 B",Available immediately
909.12 €/m,"row house, 85 m²",3H+K+S,"Espoo
    , Miilukorpi 
 
    , Sysimaa 7",Available immediately
"1,040.83 €/m","block of flats, 75 m²",3 h + k + s + p,"Espoo
    , Espoon keskus 
 
    , Espoonaukio 7 A 4",Available immediately
842.32 €/m,"block of flats, 55 m²",2h+k+p,"Espoo
    , Espoon keskus 
 
    , Reviisorinkatu 3 B 24",Available immediately
"1,240 €/m","block of flats, 71 m²",3h+k+s+parv.,"Espoo
    , Perkkaa 
 
    , Perkkaantie 3",Available immediately
870 €/m,"block of flats, 40.5 m²",1H+AVOK+S,"Espoo
    , Matinkylä 
 
    , Markkinakatu 2",Available immediately
945 €/m,"block of flats, 50 m²",2H+KT,"Espoo
    , Suurpelto 
 
    , Suurpellon Puistokatu 12 A",Available immediately
739.2 €/m,"balcony access block, 57.5 m²",2h+k+s,"Espoo
    , Kauklahti 
 
    , Fickenkuja 2 C-E",Available from 1/1/22
680 €/m,"block of flats, 30.5 m²","1h, k, kh, s, parveke","Espoo
    , Soukka 
 
    , Alakartanontie 7",Available immediately
895 €/m,"block of flats, 40.5 m²",2h+kt,"Espoo
    , Vermonniitty 
 
    , Kaarlo Sarkian katu 10 C",Available immediately
971.52 €/m,"row house, 73.5 m²",3H+K+S,"Espoo
    , Lintuvaara 
 
    , Peukaloisenpolku 1",Available immediately
"1,355 €/m","block of flats, 66 m²",4h+kt,"Espoo
    , Niittykumpu 
 
    , Niittykummuntie 4 A",Available on agreement
784 €/m,"block of flats, 33.5 m²",1h+kt,"Espoo
    , Niittykumpu 
 
    , Niittykummuntie 4 A",Available on agreement
"1,350 €/m","block of flats, 66 m²",4h+kt,"Espoo
    , Niittykumpu 
 
    , Niittykummuntie 4 A",Available on agreement
"1,070 €/m","block of flats, 52 m²",2h+kt+työ,"Espoo
    , Niittykumpu 
 
    , Niittykummuntie 4 A",Available on agreement
815 €/m,"block of flats, 33.5 m²",1h+kt,"Espoo
    , Niittykumpu 
 
    , Niittykummuntie 4 A",Available on agreement
940 €/m,"block of flats, 45 m²",2h+kt,"Espoo
    , Niittykumpu 
 
    , Niittykummuntie 4 A",Available on agreement
789 €/m,"block of flats, 32.5 m²",1h+kt+alk,"Espoo
    , Niittykumpu 
 
    , Niittykummuntie 4 A",Available on agreement
835 €/m,"block of flats, 33 m²",1h+kt+alk,"Espoo
    , Niittykumpu 
 
    , Niittykummuntie 4 A",Available on agreement
"1,345 €/m","block of flats, 66 m²",4h+kt,"Espoo
    , Niittykumpu 
 
    , Niittykummuntie 4 A",Available on agreement
789 €/m,"block of flats, 33 m²",1h+kt+alk,"Espoo
    , Niittykumpu 
 
    , Niittykummuntie 4 A",Available on agreement
810 €/m,"block of flats, 33.5 m²",1h+kt,"Espoo
    , Niittykumpu 
 
    , Niittykummuntie 4 A",Available on agreement
793 €/m,"block of flats, 33.5 m²",1h+kt,"Espoo
    , Niittykumpu 
 
    , Niittykummuntie 4 A",Available on agreement
774 €/m,"block of flats, 32.5 m²",1h+kt+alk,"Espoo
    , Niittykumpu 
 
    , Niittykummuntie 4 A",Available on agreement
815 €/m,"block of flats, 33 m²",1h+kt+alk,"Espoo
    , Niittykumpu 
 
    , Niittykummuntie 4 A",Available on agreement
815 €/m,"block of flats, 33 m²",1h+kt+alk,"Espoo
    , Niittykumpu 
 
    , Niittykummuntie 4 A",Available on agreement
798 €/m,"block of flats, 32.5 m²",1h+kt+alk,"Espoo
    , Niittykumpu 
 
    , Niittykummuntie 4 A",Available on agreement
798 €/m,"block of flats, 32.5 m²",1h+kt+alk,"Espoo
    , Niittykumpu 
 
    , Niittykummuntie 4 A",Available on agreement
799 €/m,"block of flats, 32.5 m²",1h+kt+alk,"Espoo
    , Niittykumpu 
 
    , Niittykummuntie 4 A",Available on agreement
799 €/m,"block of flats, 33.5 m²",1h+kt,"Espoo
    , Niittykumpu 
 
    , Niittykummuntie 4 A",Available on agreement
"1,060 €/m","block of flats, 52 m²",2h+kt+työ,"Espoo
    , Niittykumpu 
 
    , Niittykummuntie 4 A",Available on agreement
789 €/m,"block of flats, 33.5 m²",1h+kt,"Espoo
    , Niittykumpu 
 
    , Niittykummuntie 4 A",Available on agreement
810 €/m,"block of flats, 32.5 m²",1h+kt+alk,"Espoo
    , Niittykumpu 
 
    , Niittykummuntie 4 A",Available on agreement
945 €/m,"block of flats, 45 m²",2h+kt,"Espoo
    , Niittykumpu 
 
    , Niittykummuntie 4 A",Available on agreement
815 €/m,"block of flats, 33 m²",1h+kt+alk,"Espoo
    , Niittykumpu 
 
    , Niittykummuntie 4 A",Available on agreement
"1,075 €/m","block of flats, 52 m²",2h+kt+työ,"Espoo
    , Niittykumpu 
 
    , Niittykummuntie 4 A",Available on agreement
793 €/m,"block of flats, 32.5 m²",1h+kt+alk,"Espoo
    , Niittykumpu 
 
    , Niittykummuntie 4 A",Available on agreement
798 €/m,"block of flats, 33.5 m²",1h+kt,"Espoo
    , Niittykumpu 
 
    , Niittykummuntie 4 A",Available on agreement
810 €/m,"block of flats, 33 m²",1h+kt+alk,"Espoo
    , Niittykumpu 
 
    , Niittykummuntie 4 A",Available on agreement
810 €/m,"block of flats, 33 m²",1h+kt+alk,"Espoo
    , Niittykumpu 
 
    , Niittykummuntie 4 A",Available on agreement
798 €/m,"block of flats, 33 m²",1h+kt+alk,"Espoo
    , Niittykumpu 
 
    , Niittykummuntie 4 A",Available on agreement
799 €/m,"block of flats, 33 m²",1h+kt+alk,"Espoo
    , Niittykumpu 
 
    , Niittykummuntie 4 A",Available on agreement
820 €/m,"block of flats, 33.5 m²",1h+kt,"Espoo
    , Niittykumpu 
 
    , Niittykummuntie 4 A",Available on agreement
"1,065 €/m","block of flats, 52 m²",2h+kt+työ,"Espoo
    , Niittykumpu 
 
    , Niittykummuntie 4 A",Available on agreement
799 €/m,"block of flats, 34.5 m²",1h+kt+alk,"Espoo
    , Niittykumpu 
 
    , Niittykummuntie 4 A",Available on agreement
779 €/m,"block of flats, 32.5 m²",1h+kt+alk,"Espoo
    , Niittykumpu 
 
    , Niittykummuntie 4 A",Available on agreement
799 €/m,"block of flats, 33 m²",1h+kt+alk,"Espoo
    , Niittykumpu 
 
    , Niittykummuntie 4 A",Available on agreement
"1,100 €/m","block of flats, 52 m²",3h+kt,"Espoo
    , Niittykumpu 
 
    , Niittykummuntie 4 A",Available on agreement
840 €/m,"block of flats, 33 m²",1h+kt+alk,"Espoo
    , Niittykumpu 
 
    , Niittykummuntie 4 A",Available on agreement
835 €/m,"block of flats, 33 m²",1h+kt+alk,"Espoo
    , Niittykumpu 
 
    , Niittykummuntie 4 A",Available on agreement
789 €/m,"block of flats, 32.5 m²",1h+kt+alk,"Espoo
    , Niittykumpu 
 
    , Niittykummuntie 4 A",Available on agreement
"1,110 €/m","block of flats, 52 m²",3h+kt,"Espoo
    , Niittykumpu 
 
    , Niittykummuntie 4 A",Available on agreement
793 €/m,"block of flats, 32.5 m²",1h+kt+alk,"Espoo
    , Niittykumpu 
 
    , Niittykummuntie 4 A",Available on agreement
790.2 €/m,"block of flats, 54 m²",2h+kk,"Espoo
    , Saunalahti 
 
    , Itäviitta 5 B",Available immediately
"1,103.07 €/m","block of flats, 83 m²",4H+K+S,"Espoo
    , Leppävaara 
 
    , Kyyhkysmäki 24",Available from 12/22/21
807 €/m,"block of flats, 38.5 m²",2h+kk,"Espoo
    , Matinkylä 
 
    , Nelikkotie 8 C",Available immediately
965 €/m,"block of flats, 56 m²",2H+K,"Espoo
    , Karakallio 
 
    , Kalasääksentie 6",Available immediately
851 €/m,"row house, 47 m²",2h+tupak.+s+parv.,"Espoo
    , Saunalahti 
 
    , Pohjoisviitta 1 B",Available immediately
894 €/m,"block of flats, 48 m²",2h+kk,"Espoo
    , Kilo 
 
    , Vanharaide 3 B",Available immediately
918.99 €/m,"block of flats, 55 m²",2H+K,"Espoo
    , Suurpelto 
 
    , Klariksentie 2",Available immediately
750 €/m,"block of flats, 29.5 m²",1h+kk,"Espoo
    , Olari 
 
    , Kuvastimentie 1 E",Available immediately
901 €/m,"block of flats, 42 m²",2h+k,"Espoo
    , Olari 
 
    , Puolikuu 2 B",Available immediately
495.65 €/m,"block of flats, 28 m²",1H+KT,"Espoo
    , Karakallio 
 
    , Karakalliontie 1 L",Available immediately
474.11 €/m,"block of flats, 27 m²",1H+KT,"Espoo
    , Karakallio 
 
    , Karakalliontie 1 L",Available immediately
502.84 €/m,"block of flats, 28 m²",1H+KT,"Espoo
    , Karakallio 
 
    , Karakalliontie 1 L",Available immediately
887.27 €/m,"block of flats, 60 m²",3H+KT,"Espoo
    , Karakallio 
 
    , Karakalliontie 1 L",Available immediately
895 €/m,"block of flats, 42.5 m²",2h+kt,"Espoo
    , Niittykumpu 
 
    , Niittykatu 1 E-F",Available immediately
720 €/m,"block of flats, 27 m²","1h, avokeittiö, kph, ranskalai","Espoo
    , Tapiola 
 
    , Itäranta 11 C",Available immediately
890 €/m,"block of flats, 45.5 m²",2H+KK,"Espoo
    , Suurpelto 
 
    , Piilipuuntie 31",Available immediately
917 €/m,"block of flats, 32 m²",1H+KT,"Espoo
    , Niittykumpu 
 
    , Koivu-Mankkaan tie 1",Available immediately
897 €/m,"block of flats, 54.5 m²",2H+K,"Espoo
    , Suvela 
 
    , Kirstintie 28",Available immediately
984 €/m,"block of flats, 53 m²",2H+KT+S,"Espoo
    , Kilo 
 
    , Nihtitorpankuja 3",Available immediately
"1,047.94 €/m","detached house, 78 m²",3H+K+S,"Espoo
    , Pisa 
 
    , Finnoontie 36",Available from 12/17/21
825 €/m,"block of flats, 42.5 m²",1H+KT,"Espoo
    , Laaksolahti 
 
    , Rastasniityntie 1",Available immediately
"1,118 €/m","block of flats, 80 m²",3H+K,"Espoo
    , Suvela 
 
    , Kirstintie 28",Available immediately
695 €/m,"block of flats, 38 m²",1h + k,"Espoo
    , Espoon keskus 
 
    , Kirstinsyrjä 7 D",
"1,106 €/m","block of flats, 21 m²","1h, kph, yhteistilat","Espoo
    , Leppävaara 
 
    , Porarinkatu 1",Available immediately
850 €/m,"block of flats, 31.5 m²",1H+AVOK+KPH+LAS.PARVEKE,"Espoo
    , Olari 
 
    , Ylismäentie 12 G",Available immediately
800 €/m,"block of flats, 54.5 m²","1 huone ja tupakeittiö, wc/kph","Espoo
    , Olari 
 
    , Kuunkierros 3",Available immediately
690 €/m,"detached house, 20 m²",1h+wc suihku +eteinen,"Espoo
    , Tapiola 
 
    , Sateentie 2A 6",Available immediately
"1,080 €/m","block of flats, 59.5 m²","1-2h+kt (35,5+24m2)","Espoo
    , Laurinlahti 
 
    , Ristiniementie 19 A",Available immediately
845 €/m,"block of flats, 47.5 m²","2h, kt, kph, vh, iso las. parv...","Espoo
    , Finnoo 
 
    , Peijinkuja 1",Available immediately
"1,030 €/m","block of flats, 50 m²",2h+kk+s,"Espoo
    , Mäkkylä 
 
    , Adjutantinkatu 3 D",Available immediately
930 €/m,"block of flats, 50 m²",2h+k+kh+sauna,"Espoo
    , Matinkylä 
 
    , Rauhalanpuisto 6",Available immediately
"1,120 €/m","block of flats, 50 m²",2h+kt,"Espoo
    , Leppävaara 
 
    , Linnatullinkatu 1",Available immediately
975 €/m,"block of flats, 45 m²",2h + kk + s,"Espoo
    , Piispansilta 
 
    , Piispanpiha 4",Available immediately
850 €/m,"block of flats, 38.5 m²",2h+kt,"Espoo
    , Mankkaa 
 
    , Klovinportti 2",Available immediately
785 €/m,"block of flats, 29 m²",1H+KT,"Espoo
    , Vermonniitty 
 
    , Uuno Kailaan katu 4",Available from 1/1/22
895 €/m,"block of flats, 40.5 m²",2h+kt,"Espoo
    , Vermonniitty 
 
    , Kaarlo Sarkian katu 10 D",Available immediately
832.99 €/m,"block of flats, 52.5 m²",1H+K,"Espoo
    , Suurpelto 
 
    , Klariksentie 2",Available immediately
909.76 €/m,"block of flats, 55.5 m²",2H+K,"Espoo
    , Suurpelto 
 
    , Piilipuuntie 7",Available immediately
820 €/m,"block of flats, 31.5 m²",1h+kt+alk,"Espoo
    , Vermonniitty 
 
    , Kaarlo Sarkian katu 10 C",Available immediately
788 €/m,"block of flats, 30 m²",1h+kt+rp,"Espoo
    , Kilo 
 
    , Multahaankuja 8",Available immediately
829 €/m,"block of flats, 48 m²",2h+kt+s,"Espoo
    , Suurpelto 
 
    , Likusterikatu 1 A-C",Available immediately
921 €/m,"block of flats, 43 m²",2h+kt,"Espoo
    , Matinkylä 
 
    , Pyyntitie 1 C",Available immediately
980 €/m,"block of flats, 50.5 m²",2H+KK,"Espoo
    , Suurpelto 
 
    , Piilipuuntie 25",Available immediately
561.69 €/m,"block of flats, 42 m²",2H+KT,"Espoo
    , Saunalahti 
 
    , Reelinkikatu 4 A 06",Available from 12/3/21
"1,381.54 €/m","row house, 105 m²",5H+K+S,"Espoo
 
    , Lintukorpi 13",Available on agreement
"1,250 €/m","block of flats, 69.5 m²","3h,k,kph,s,p","Espoo
    , Espoonlahti 
 
    , Amiraalin Puistotie 8 B",Available immediately
"1,349.93 €/m","semi-detached house, 97 m²",4H+K+S,"Espoo
    , Mankkaa 
 
    , Taavinharju 16",Available from 12/13/21
"1,200 €/m","block of flats, 63 m²",3H+KT,"Espoo
    , Vermonniitty 
 
    , Runoratsunkatu 1",Available immediately
"1,055 €/m","block of flats, 65 m²",3h+kt+s,"Espoo
    , Suurpelto 
 
    , Suurpellon puistokatu 4",Available immediately
"1,117 €/m","block of flats, 73.5 m²",3H+K+S,"Espoo
    , Kiltakallio 
 
    , Viirikuja 1 A",Available immediately
905 €/m,"block of flats, 53 m²",2 h+kt,"Espoo
    , Painiitty 
 
    , Lotankatu 1",Available immediately
720 €/m,"block of flats, 29.5 m²",1h+kt+rp,"Espoo
    , Kilo 
 
    , Multahaankuja 8",Available immediately
905 €/m,"block of flats, 45.5 m²",2H+KT,"Espoo
    , Suurpelto 
 
    , Piilipuuntie 31",Available immediately
947.21 €/m,"block of flats, 70.5 m²",3H+KK+S,"Espoo
    , Leppävaara 
 
    , Säterinrinne 2 A 01",Available from 12/1/21
989 €/m,"block of flats, 70.5 m²",3H+K+S,"Espoo
    , Leppävaara 
 
    , Säterinkuja 1 A 18",Available immediately
812.84 €/m,"block of flats, 74.5 m²",3H+K+S,"Espoo
    , Gumböle 
 
    , Hirvisuontie 5 A 02",Available immediately
695 €/m,"block of flats, 31 m²","1h, kt, kh, parveke","Espoo
    , Saunalahti 
 
    , Paapuuri 4",Available immediately
799 €/m,"block of flats, 35 m²",1h+kt,"Espoo
    , Matinkylä 
 
    , Etuniementie 1 F-G",Available immediately
895 €/m,"block of flats, 56.5 m²",2h+k,"Espoo
    , Olari 
 
    , Sammalkalliontie 4",Available immediately
"1,011.84 €/m","block of flats, 73.5 m²",3H+K+S,"Espoo
    , Matinkylä 
 
    , Lekkerikuja 1",Available from 12/9/21
808 €/m,"block of flats, 38 m²",1H+K,"Espoo
    , Suvela 
 
    , Kirstinharju 23",Available immediately
"2,698 €/m","block of flats, 98 m²","4h, ak, 2kph, s, 2wc, 2p","Espoo
    , Matinkylä 
 
    , Matinniitynkuja 7",Available from 12/10/21
"2,698 €/m","block of flats, 98 m²","4h, ak, 2kph, s, 2wc, 2p","Espoo
    , Matinkylä 
 
    , Matinniitynkuja 7",Available from 12/10/21
920 €/m,"block of flats, 47 m²",2H+K,"Espoo
    , Espoon keskus 
 
    , Valakuja 8",Available immediately
725 €/m,"block of flats, 28 m²",1 h + avokeittiö,"Espoo
    , Sepänkylä 
 
    , Peuraniitty 1B",Available immediately
750 €/m,"block of flats, 35 m²",1h+kt+alk.,"Espoo
    , Espoon keskus 
 
    , Suviniitynkatu 1",Available immediately
856 €/m,"block of flats, 46 m²",2h+kt,"Espoo
    , Painiitty 
 
    , Lotankatu 6",Available immediately
720 €/m,"block of flats, 31.5 m²",1h+kt,"Espoo
    , Espoon keskus 
 
    , Suviniitynkatu 1",Available immediately
855 €/m,"block of flats, 49.5 m²",2h+kt,"Espoo
    , Kilo 
 
    , Nihtitorpankuja 5",Available immediately
898 €/m,"block of flats, 44 m²",2H+KK,"Espoo
    , Espoon keskus 
 
    , Valakuja 8",Available immediately
958 €/m,"block of flats, 50.5 m²",2h+kk,"Espoo
    , Matinkylä 
 
    , Matinpuronkuja 2 C","Available immediately|Display 12/1/21 
                  
                    3:00 PM"
750 €/m,"block of flats, 29.5 m²",1h+alk+kk,"Espoo
    , Mäkkylä 
 
    , Adjutantinkatu 3 B",Available immediately
763 €/m,"block of flats, 61 m²",2h+k+kph+lasitettup,"Espoo
    , Suvela 
 
    , Kirstintie 7 B",Available immediately
"1,020 €/m","block of flats, 64.5 m²",3h+kk,"Espoo
    , Suurpelto 
 
    , Piilipuuntie 1B",Available immediately
928 €/m,"block of flats, 52 m²",2h+kk+alk,"Espoo
    , Suurpelto 
 
    , Piilipuuntie 1C",
780 €/m,"block of flats, 37 m²",2h+kt+parveke,"Espoo
    , Saunalahti 
 
    , Tiimalasintie 6 C",Available immediately
"1,022 €/m","block of flats, 51 m²",2H+KK+S,"Espoo
    , Järvenperä 
 
    , Aurorankuja 3",Available immediately
803.76 €/m,"block of flats, 55 m²",2H+K+S,"Espoo
    , Suurpelto 
 
    , Klariksentie 1",Available from 12/4/21
"1,202.29 €/m","block of flats, 86 m²",4H+K,"Espoo
    , Suurpelto 
 
    , Maakirjantie 2",Available from 12/16/21
"1,085 €/m","block of flats, 51 m²",2h+kt,"Espoo
    , Leppävaara 
 
    , Linnatullinkatu 1",Available immediately
867.47 €/m,"block of flats, 44.5 m²",1H+TPK,"Espoo
    , Suurpelto 
 
    , Klariksentie 2",Available immediately
946 €/m,"block of flats, 58.5 m²",2H+K,"Espoo
    , Kilo 
 
    , PUISTOPIHA 2 C",Available immediately
"1,465 €/m","block of flats, 82.5 m²",4h+kt+s,"Espoo
    , Suurpelto 
 
    , Maakirjantie 1",Available immediately
788 €/m,"block of flats, 41.5 m²",2h+kk,"Espoo
 
    , Muurarinkuja 1 F",Available immediately
935 €/m,"block of flats, 41 m²",2h+kt+viherh,"Espoo
    , Niittykumpu 
 
    , Niittykatu 10 D",Available immediately
880 €/m,"block of flats, 48.5 m²",2H+KK+S,"Espoo
    , Leppävaara 
 
    , Postipuuntie 10",Available immediately
845 €/m,"block of flats, 50.5 m²",2H+KK+S,"Espoo
    , Leppävaara 
 
    , Postipuuntie 10",Available immediately
950 €/m,"block of flats, 47 m²",2H+KK+S,"Espoo
    , Matinkylä 
 
    , Markkinakatu 4 B",Available immediately
855 €/m,"block of flats, 34.5 m²",2H+KT,"Espoo
    , Vermonniitty 
 
    , Anna Sahlsténin katu 8",Available immediately
820 €/m,"block of flats, 29 m²",1H+KT,"Espoo
    , Vermonniitty 
 
    , Anna Sahlsténin katu 8",Available immediately
"1,037.2 €/m","block of flats, 75 m²",3H+K+S,"Espoo
    , Leppävaara 
 
    , Ruusutorpantie 2",Available from 12/3/21
"1,074.34 €/m","block of flats, 78 m²",3H+KT+S,"Espoo
    , Suurpelto 
 
    , Suurpellon Puistokatu 6 A-C",Available on agreement
849 €/m,"block of flats, 32.5 m²",1h+kt,"Espoo
    , Matinkylä 
 
    , Pyyntitie 1 C",Available immediately
945 €/m,"block of flats, 50.5 m²",2H+KK+S,"Espoo
    , Tiistilä 
 
    , KALAONNENTIE 3 B",Available immediately
974 €/m,"block of flats, 50.5 m²",2h+k+s,"Espoo
    , Leppävaara 
 
    , Zanseninkuja 2",Available immediately
"1,190 €/m","block of flats, 60 m²",3h+kt+parveke,"Espoo
    , Kilo 
 
    , Multahaankuja 8",Available immediately
"1,079 €/m","block of flats, 61 m²",3h+kt,"Espoo
    , Suurpelto 
 
    , Piilipuuntie 15 A",Available immediately
824.41 €/m,"row house, 59 m²",2H+K+S,"Espoo
    , Vanttila 
 
    , Mesimäki 10",Available from 12/3/21
"1,055 €/m","block of flats, 50.5 m²",2h+kt+s,"Espoo
    , Niittykumpu 
 
    , Niittykatu 1 C-D",Available immediately
625 €/m,"block of flats, 16 m²","Omahuone, jaettu kph","Espoo
    , Otaniemi 
 
    , Kivimiehentie 2",Available immediately
780 €/m,"block of flats, 28.5 m²",1h+kt,"Espoo
    , Niittykumpu 
 
    , Niittykatu 1 E-F",Available immediately
790 €/m,"balcony access block, 24 m²",1H+K+P,"Espoo
    , Lippajärvi 
 
    , Ingaksenmäki 2",Available immediately
735 €/m,"block of flats, 26 m²",1h+kt,"Espoo
    , Mankkaa 
 
    , Klovinportti 2",Available immediately
545.59 €/m,"block of flats, 47 m²",2H+KK,"Espoo
    , Jouppi 
 
    , Joupinmäenkulma 3",Available immediately
925 €/m,"block of flats, 43 m²",1h+kt,"Espoo
    , Leppävaara 
 
    , Linnatullinkatu 1",Available immediately
885 €/m,"block of flats, 35 m²",1h+kt,"Espoo
    , Leppävaara 
 
    , Linnatullinkatu 1",Available immediately
900 €/m,"block of flats, 40.5 m²",2h+kt,"Espoo
    , Vermonniitty 
 
    , Kaarlo Sarkian katu 10 C",Available immediately
"1,235 €/m","block of flats, 62.5 m²",3H+KT,"Espoo
    , Vermonniitty 
 
    , Uuno Kailaan katu 6",Available immediately
"1,325 €/m","block of flats, 71 m²",3H+KT+S,"Espoo
    , Kilo 
 
    , Nihtitorpankuja 3",Available immediately
"1,013 €/m","block of flats, 54 m²",2h+kt+s,"Espoo
    , Painiitty 
 
    , Lotankatu 3",Available immediately
882 €/m,"block of flats, 48.5 m²",2h+kt,"Espoo
    , Suurpelto 
 
    , Piilipuuntie 21 A",Available immediately
917 €/m,"block of flats, 51.5 m²",2h+kt,"Espoo
    , Painiitty 
 
    , Lotankatu 1",Available immediately
"1,091 €/m","block of flats, 62 m²",3h+kk,"Espoo
    , Suurpelto 
 
    , Piilipuuntie 17",Available immediately
908 €/m,"block of flats, 51.5 m²",2h+kt,"Espoo
    , Painiitty 
 
    , Lotankatu 1",Available immediately
"1,160 €/m","block of flats, 66 m²",3h+kk+s,"Espoo
    , Suurpelto 
 
    , Piilipuuntie 21 E",Available immediately
"1,149 €/m","block of flats, 62 m²",3h+kk,"Espoo
    , Suurpelto 
 
    , Piilipuuntie 17",Available immediately
907 €/m,"block of flats, 48.5 m²",2h+kk+s,"Espoo
    , Suurpelto 
 
    , Piilipuuntie 21 D",Available immediately
993 €/m,"block of flats, 52 m²",2H+KT,"Espoo
    , Saunalahti 
 
    , Reelinkikatu 2",Available immediately
"1,060 €/m","block of flats, 52 m²",2h+kk+s,"Espoo
    , Mäkkylä 
 
    , Adjutantinkatu 3 B",Available immediately
"2,522 €/m","block of flats, 60 m²","3h, k","Espoo
    , Tapiola 
 
    , Jousenkaari 5",Available from 12/7/21
938 €/m,"block of flats, 49.5 m²",2H+KT,"Espoo
    , Kilo 
 
    , Nihtitorpankuja 3",Available immediately
934 €/m,"block of flats, 47.5 m²",2H+KK+S,"Espoo
    , Espoon keskus 
 
    , Kiltakuja 1",Available immediately
"1,007 €/m","block of flats, 46.5 m²",2H+KT,"Espoo
    , Kilo 
 
    , Kilonportti 3",Available immediately
"1,195 €/m","block of flats, 68.5 m²",3h+kt+s,"Espoo
    , Tuomarila 
 
    , Ratalaaksonkuja 14",Available immediately
795 €/m,"block of flats, 35.5 m²",1h+tk,"Espoo
    , Vermonniitty 
 
    , Perilänniitty 2",Available immediately
975 €/m,"block of flats, 49.5 m²",2h+kt+s,"Espoo
    , Vermonniitty 
 
    , Perilänniitty 2",Available immediately
862 €/m,"block of flats, 35 m²",1H+KT,"Espoo
    , Kivenlahti 
 
    , Marinkallio 8",Available immediately
874 €/m,"block of flats, 30 m²",1H+KT,"Espoo
    , Niittykumpu 
 
    , Koivu-Mankkaan tie 1",Available immediately
916 €/m,"block of flats, 46.5 m²",2H+KK+S,"Espoo
    , Matinkylä 
 
    , Kala-Maija 3",Available immediately
"1,270 €/m","block of flats, 63 m²",3h+kt+s,"Espoo
    , Vermonniitty 
 
    , Kaarlo Sarkian katu 10 D",Available immediately
839 €/m,"block of flats, 39.5 m²",1H+KT,"Espoo
    , Suurpelto 
 
    , Piilipuuntie 31",Available immediately
910 €/m,"block of flats, 41.5 m²",2H+KT,"Espoo
    , Suurpelto 
 
    , Piilipuuntie 31",Available immediately
921 €/m,"block of flats, 33 m²",1H+KT,"Espoo
    , Niittykumpu 
 
    , Koivu-Mankkaan tie 1",Available immediately
921 €/m,"block of flats, 33.5 m²",1H+KT,"Espoo
    , Niittykumpu 
 
    , Koivu-Mankkaan tie 1",Available immediately
999 €/m,"block of flats, 44 m²",2H+KT+S,"Espoo
    , Matinkylä 
 
    , Rauhalanpuisto 4",Available immediately
786 €/m,"block of flats, 30 m²",1h+kt+rp,"Espoo
    , Kilo 
 
    , Multahaankuja 8",Available immediately
900 €/m,"block of flats, 46 m²",2h+kt,"Espoo
    , Matinkylä 
 
    , Matinkallio 7 B",Available immediately
938 €/m,"block of flats, 51.5 m²",2h+kt,"Espoo
    , Espoonlahti 
 
    , Ulappakatu 1 G",Available immediately
865 €/m,"block of flats, 45.5 m²",2h+kt,"Espoo
    , Saunalahti 
 
    , Saunalahdenkatu 1 A",Available immediately
747 €/m,"block of flats, 29.5 m²",1h+kt+rp,"Espoo
    , Kilo 
 
    , Multahaankuja 8",Available immediately
473 €/m,"block of flats, 8 m²","1h, jaettu kph, yhteistilat","Espoo
    , Kivenlahti 
 
    , Aallonhuippu 4",Available from 12/31/21
882 €/m,"block of flats, 48.5 m²",2h+k+s,"Espoo
    , Suurpelto 
 
    , Piilipuuntie 21 E",Available immediately
830 €/m,"block of flats, 40 m²",2h+kt,"Espoo
    , Suurpelto 
 
    , Maakirjantie 1",Available immediately
889 €/m,"block of flats, 46 m²",2H+KK+S,"Espoo
    , Järvenperä 
 
    , Aurorankuja 3",Available immediately
795 €/m,"block of flats, 36 m²",1h+tk,"Espoo
    , Vermonniitty 
 
    , Perilänniitty 2",Available immediately
"1,050 €/m","block of flats, 53 m²",3h+kt,"Espoo
    , Saunalahti 
 
    , Reelinkikatu 5 A",Available on agreement
"1,045 €/m","block of flats, 53 m²",3h+kt,"Espoo
    , Saunalahti 
 
    , Reelinkikatu 5 A",Available on agreement
"1,140 €/m","block of flats, 59 m²",3h+kt+s,"Espoo
    , Saunalahti 
 
    , Reelinkikatu 5 A",Available on agreement
890 €/m,"block of flats, 42.5 m²",2h+kt,"Espoo
    , Saunalahti 
 
    , Reelinkikatu 5 A",Available on agreement
"1,145 €/m","block of flats, 62 m²",3h+kt,"Espoo
    , Saunalahti 
 
    , Reelinkikatu 5 A",Available on agreement
850 €/m,"block of flats, 39 m²",2h+kt,"Espoo
    , Saunalahti 
 
    , Reelinkikatu 5 A",Available on agreement
"1,145 €/m","block of flats, 59 m²",3h+kt+s,"Espoo
    , Saunalahti 
 
    , Reelinkikatu 5 A",Available on agreement
890 €/m,"block of flats, 40.5 m²",2h+kt+s,"Espoo
    , Saunalahti 
 
    , Reelinkikatu 5 A",Available on agreement
"1,150 €/m","block of flats, 62 m²",3h+kt,"Espoo
    , Saunalahti 
 
    , Reelinkikatu 5 A",Available on agreement
"1,055 €/m","block of flats, 53 m²",3h+kt,"Espoo
    , Saunalahti 
 
    , Reelinkikatu 5 A",Available on agreement
840 €/m,"block of flats, 39 m²",2h+kt,"Espoo
    , Saunalahti 
 
    , Reelinkikatu 5 A",Available on agreement
946 €/m,"block of flats, 51 m²",2H+KK+S,"Espoo
    , Tiistilä 
 
    , KALAONNENTIE 3 B",Available from 12/1/21
667 €/m,"block of flats, 33.5 m²",1h+kk+ransk.parv,"Espoo
    , Vesirattaanmäki 
 
    , Vesirattaanmäki 1 A",Available immediately
"1,055 €/m","block of flats, 50.5 m²",2h+kt+s,"Espoo
    , Niittykumpu 
 
    , Niittykatu 1 E-F",Available immediately
"1,090 €/m","block of flats, 60 m²",3h+kt,"Espoo
    , Tuomarila 
 
    , Ratalaaksonkuja 14",Available immediately
"1,005 €/m","block of flats, 48 m²",2h+kk+s,"Espoo
    , Mäkkylä 
 
    , Adjutantinkatu 3 B",Available immediately
894.49 €/m,"block of flats, 76 m²",3H+K+S,"Espoo
    , Kilo 
 
    , Trillakatu 3",Available on agreement
800 €/m,"block of flats, 31.5 m²",1h+kt+alk,"Espoo
    , Vermonniitty 
 
    , Kaarlo Sarkian katu 10 C",Available immediately
867 €/m,"block of flats, 42 m²",2h+k,"Espoo
    , Olari 
 
    , Puolikuu 2 C",Available immediately
932.4 €/m,"block of flats, 75 m²",3H+K+S,"Espoo
    , Kilo 
 
    , Trillakatu 2",Available immediately
"1,175 €/m","block of flats, 78.5 m²",3h+k+kph+s+wc+p,"Espoo
    , Leppävaara 
 
    , Ruutikellarintie 9 A",Available immediately
"1,950 €/m","balcony access block, 97 m²",4h + sauna,"Espoo
    , Laaksolahti 
 
    , Kolkekannaksentie 19 B",Available immediately
925 €/m,"block of flats, 47.5 m²",2h+kk,"Espoo
    , Olari 
 
    , Kuvastimentie 1 E",Available immediately
771 €/m,"block of flats, 39 m²",1h+kt,"Espoo
    , Saunalahti 
 
    , Saunalahdenkatu 1 B",Available immediately
862 €/m,"block of flats, 45.5 m²",2H+K,"Espoo
    , Matinkylä 
 
    , Aapelinkatu 6",Available immediately
959 €/m,"block of flats, 58.5 m²",2H+K,"Espoo
    , Kivenlahti 
 
    , Jälkimaininki 4",Available immediately
949 €/m,"block of flats, 49.5 m²",2H+KT,"Espoo
    , Kilo 
 
    , Nihtitorpankuja 3",Available immediately
941 €/m,"block of flats, 49 m²",2h+kk+s,"Espoo
    , Kilo 
 
    , Kilonpurontie 4 C",Available immediately
"1,102.61 €/m","block of flats, 74.5 m²",3H+K+S,"Espoo
    , Suurpelto 
 
    , Klariksentie 3",Available on agreement
921 €/m,"block of flats, 50.5 m²",2h+kt,"Espoo
    , Painiitty 
 
    , Lotankatu 1",Available immediately
890 €/m,"block of flats, 50.5 m²",2h+kt,"Espoo
    , Painiitty 
 
    , Lotankatu 1",Available immediately
883 €/m,"block of flats, 48.5 m²",2h+kt,"Espoo
    , Painiitty 
 
    , Lotankatu 1",Available immediately
"1,312.63 €/m","single-family house, 125.5 m²",6H+K+S,"Espoo
    , Niipperi 
 
    , Kylvökuja 1-4",Available on agreement
898.16 €/m,"block of flats, 75 m²",3H+K+S,"Espoo
    , Kilo 
 
    , Trillakatu 3",Available immediately
890 €/m,"block of flats, 44 m²",2h+tk,"Espoo
    , Vermonniitty 
 
    , Perilänniitty 2",Available immediately
795 €/m,"block of flats, 35.5 m²",1h+tk,"Espoo
    , Vermonniitty 
 
    , Perilänniitty 2",Available immediately
"1,035.59 €/m","block of flats, 93 m²",4H+K+S,"Espoo
    , Kilo 
 
    , Trillakatu 3",Available immediately
890 €/m,"block of flats, 44 m²",2h+tk,"Espoo
    , Vermonniitty 
 
    , Perilänniitty 2",Available immediately
805 €/m,"block of flats, 34.5 m²",1H+KT,"Espoo
    , Kivenlahti 
 
    , Marinkallio 6",Available immediately
850 €/m,"block of flats, 46 m²",2h+kt,"Espoo
    , Painiitty 
 
    , Lotankatu 6",Available immediately
"1,084 €/m","block of flats, 67.5 m²",3h+kt+s,"Espoo
    , Suurpelto 
 
    , Suurpellon puistokatu 4",Available immediately
799 €/m,"block of flats, 31.5 m²",1H+KT,"Espoo
    , Kilo 
 
    , Forstmestarinpiha 2",Available immediately
905 €/m,"block of flats, 39.5 m²",2H+KT,"Espoo
    , Kilo 
 
    , Forstmestarinpiha 2",Available immediately
986 €/m,"block of flats, 44 m²",2H+KT+S,"Espoo
    , Vermonniitty 
 
    , Uuno Kailaan katu 5",Available immediately
697.14 €/m,"block of flats, 52 m²",2H+KK+S,"Espoo
    , Saunalahti 
 
    , Saunalahdenkatu 14",Available immediately
923.17 €/m,"block of flats, 58 m²",3H+KT+VT,"Espoo
    , Karakallio 
 
    , Karakalliontie 1 L",Available immediately
376.76 €/m,"block of flats, 28.5 m²",1H+KT,"Espoo
    , Saunalahti 
 
    , Magneettikatu 10",Available immediately
"1,095 €/m","block of flats, 66 m²",3h+kt,"Espoo
    , Sepänkylä 
 
    , Peuraniitty 1 E",Available on agreement
932 €/m,"block of flats, 54.5 m²",2h+k+s,"Espoo
    , Lintuvaara 
 
    , Kiskottajankuja 2 A",Available immediately
988 €/m,"block of flats, 49.5 m²",2H+KT,"Espoo
    , Kilo 
 
    , Nihtitorpankuja 3",Available immediately
959 €/m,"block of flats, 54.5 m²",2H+K+S,"Espoo
    , Espoon keskus 
 
    , Kiltakuja 5",Available immediately
970 €/m,"block of flats, 40.5 m²",2h+kt,"Espoo
    , Niittykumpu 
 
    , Niittysillankulma 2 E",Available immediately
830 €/m,"block of flats, 47.5 m²","2h, kt, vh, kh, lasitettu parv","Espoo
 
    , Peijinkuja 1",Available immediately
925 €/m,"block of flats, 56 m²",2h + k,"Espoo
    , Olari 
 
    , Kuunkierros 3 B",Available immediately
964 €/m,"block of flats, 49.5 m²",2H+KT,"Espoo
    , Kilo 
 
    , Nihtitorpankuja 3",Available immediately
970 €/m,"block of flats, 60.5 m²",2H+K,"Espoo
    , Espoon keskus 
 
    , Asemakuja 3",Available immediately
"1,595 €/m","block of flats, 80 m²",4h+k+s,"Espoo
    , Mäkkylä 
 
    , Adjutantinkatu 3 C",Available on agreement
754.04 €/m,"block of flats, 42.5 m²",2 h + kk + p,"Espoo
    , Espoon keskus 
 
    , Espoonaukio 7 D 50",Available immediately
925.8 €/m,"block of flats, 69 m²",3H+KK+S,"Espoo
    , Matinkylä 
 
    , Leilitie 1 C 31",Available from 12/3/21
"1,020 €/m","block of flats, 48 m²",2H+KT,"Espoo
    , Kilo 
 
    , Kilonportti 3",Available immediately
"2,519 €/m","block of flats, 70 m²","3h, kk, s, p","Espoo
    , Leppävaara 
 
    , Ratsukatu 8",Available from 12/10/21
789.37 €/m,"block of flats, 47 m²",2 h + kk + p,"Espoo
    , Espoon keskus 
 
    , Espoonaukio 7 B 25",Available immediately
920 €/m,"block of flats, 59.5 m²",2H+K,"Espoo
    , Espoon keskus 
 
    , Sinettikuja 3",Available immediately
895 €/m,"block of flats, 48 m²",2h+kk+s,"Espoo
    , Laaksolahti 
 
    , Haikaranportti 4",Available immediately
"1,151.67 €/m","block of flats, 75.5 m²",3H+K+S,"Espoo
    , Suurpelto 
 
    , Klariksentie 2",Available immediately
985 €/m,"block of flats, 54 m²",2H+K,"Espoo
    , Suurpelto 
 
    , Piilipuuntie 25",Available immediately
725 €/m,"block of flats, 37.5 m²",1h + k + parveke,"Espoo
    , Soukka 
 
    , Kaskilaaksontie 3",Available immediately
"3,706 €/m","block of flats, 112 m²","4h, k, kph, s, wc, p","Espoo
    , Leppävaara 
 
    , Nikkarinkuja 5",Available from 12/17/21
477.79 €/m,"block of flats, 27 m²",1H+KT,"Espoo
    , Karakallio 
 
    , Karakalliontie 1 L",Available immediately
754.34 €/m,"block of flats, 44.5 m²",2H+KT+VT,"Espoo
    , Karakallio 
 
    , Karakalliontie 1 L",Available immediately
506.51 €/m,"block of flats, 28 m²",1H+KT,"Espoo
    , Karakallio 
 
    , Karakalliontie 1 L",Available immediately
729.29 €/m,"block of flats, 44.5 m²",2H+KT+VT,"Espoo
    , Karakallio 
 
    , Karakalliontie 1 L",Available immediately
893 €/m,"block of flats, 34.5 m²",2H+KT,"Espoo
    , Kilo 
 
    , Forstmestarinpiha 2",Available immediately
453.13 €/m,"block of flats, 37 m²",1H+KK+S,"Espoo
    , Suvela 
 
    , Sokinsuontie 7",Available from 12/16/21
981 €/m,"block of flats, 56 m²",2H+K,"Espoo
    , Karakallio 
 
    , Kalasääksentie 6",Available immediately
864 €/m,"block of flats, 39.5 m²",1h+kt,"Espoo
    , Niittykumpu 
 
    , Niittyportinpolku 2 B",Available immediately
916 €/m,"block of flats, 46.5 m²",2H+KK+S,"Espoo
    , Matinkylä 
 
    , Kala-Maija 3",Available immediately
750 €/m,"block of flats, 42 m²",2h+kt+asuntopiha,"Espoo
    , Saunalahti 
 
    , Tiimalasintie 5 A",Available immediately
731 €/m,"block of flats, 42 m²",2h+kt+p,"Espoo
    , Saunalahti 
 
    , Tiimalasintie 5 A",Available immediately
935 €/m,"block of flats, 49.5 m²",2H+KT+S,"Espoo
    , Ymmersta 
 
    , Ullantorpantie 3",Available immediately
934 €/m,"block of flats, 38 m²",2H+KT,"Espoo
    , Kilo 
 
    , Forstmestarinpiha 2",Available immediately
"1,200 €/m","block of flats, 63 m²",3H+KT,"Espoo
    , Vermonniitty 
 
    , Runoratsunkatu 1",Available immediately
"1,274 €/m","block of flats, 20 m²","1h, ak, kph, yhteistilat","Espoo
    , Leppävaara 
 
    , Porarinkatu 1",Available immediately
"1,260 €/m","block of flats, 66 m²",3h+kk+s,"Espoo
    , Mäkkylä 
 
    , Adjutantinkatu 3 A",Available immediately
850 €/m,"block of flats, 43.5 m²",2h+kk,"Espoo
    , Tuomarila 
 
    , Ratalaaksonkuja 14",Available immediately
"1,090 €/m","block of flats, 50.5 m²",2h+kt+s+p,"Espoo
    , Espoon keskus 
 
    , Kirkkojärventie 10",Available immediately
"1,125 €/m","block of flats, 59 m²",3h+kt,"Espoo
    , Vermonniitty 
 
    , Anna Sahlsténin katu 10",Available immediately
850 €/m,"block of flats, 50.5 m²",2h+kk,"Espoo
    , Suurpelto 
 
    , Piilipuuntie 1B",
"1,058 €/m","block of flats, 61 m²",2h+k,"Espoo
    , Suurpelto 
 
    , Piilipuuntie 1C",
863 €/m,"block of flats, 57 m²",2h+k,"Espoo
    , Suurpelto 
 
    , Piilipuuntie 1A",
799 €/m,"block of flats, 47.5 m²",2h+kt,"Espoo
    , Saunalahti 
 
    , Paapuuri 4",Available immediately
835 €/m,"block of flats, 50.5 m²",2h+kk+alk,"Espoo
    , Suurpelto 
 
    , Piilipuuntie 1B",
823 €/m,"block of flats, 50.5 m²",2h+kk+alk,"Espoo
    , Suurpelto 
 
    , Piilipuuntie 1B",
946 €/m,"block of flats, 51 m²",2H+KK+S,"Espoo
    , Tiistilä 
 
    , KALAONNENTIE 3 B",Available immediately
950 €/m,"block of flats, 50.5 m²",2h+kk+s,"Espoo
    , Painiitty 
 
    , Lotankatu 6",Available immediately
"1,265 €/m","block of flats, 63 m²",3h+kt+s,"Espoo
    , Vermonniitty 
 
    , Kaarlo Sarkian katu 10 D",Available immediately
720 €/m,"block of flats, 31.5 m²",1h+kt,"Espoo
    , Espoon keskus 
 
    , Suviniitynkatu 1",Available immediately
"1,043 €/m","block of flats, 54 m²",2H+K+S,"Espoo
    , Järvenperä 
 
    , Aurorankuja 3",Available immediately
875 €/m,"block of flats, 45 m²",2H+KK,"Espoo
    , Espoon keskus 
 
    , Asemakuja 1",Available immediately
965 €/m,"block of flats, 46.5 m²",2h+kt+s,"Espoo
    , Vermonniitty 
 
    , Kaarlo Sarkian katu 10 D",Available immediately
813.39 €/m,"block of flats, 51.5 m²",2h+kk+p,"Espoo
    , Espoon keskus 
 
    , Reviisorinkatu 3 A 6",Available immediately
758 €/m,"block of flats, 39 m²",1h+kt,"Espoo
    , Ymmersta 
 
    , Ullanmäentie 14",Available immediately
839.73 €/m,"block of flats, 77 m²",3H+K+S,"Espoo
    , Suvela 
 
    , Suvelantie 14","Available on agreement|Display 12/1/21 
                  
                    3:30 PM"
869 €/m,"block of flats, 46 m²",2H+KK,"Espoo
    , Suvela 
 
    , Kirstinharju 23",Available immediately
"1,090 €/m","block of flats, 60 m²",2H+K,"Espoo
    , Soukka 
 
    , Soukanahde 4",Available immediately
969.53 €/m,"block of flats, 70.5 m²",3H+K+S,"Espoo
    , Leppävaara 
 
    , Säterinkuja 1 A 10",Available immediately
774.52 €/m,"block of flats, 71.5 m²",3H+K+S,"Espoo
    , Kivenlahti 
 
    , Merikarhunkuja 8",Available immediately
898 €/m,"block of flats, 58.5 m²",2H+K,"Espoo
    , Saarniraivio 
 
    , Saarnimäenkuja 4",Available immediately
928 €/m,"block of flats, 65.5 m²",2H+K,"Espoo
    , Suvela 
 
    , Kirstintie 30",Available immediately
900 €/m,"block of flats, 44.5 m²",2h+kk,"Espoo
    , Mäkkylä 
 
    , Adjutantinkatu 3 A",Available immediately
"1,040 €/m","block of flats, 55 m²",2H+KT+S,"Espoo
    , Laaksolahti 
 
    , Rastasniityntie 1",Available immediately
845 €/m,"block of flats, 50.5 m²",2h+kk,"Espoo
    , Suurpelto 
 
    , Piilipuuntie 1A",Available immediately
807 €/m,"block of flats, 33 m²",1h+kt,"Espoo
    , Matinkylä 
 
    , Matinkallio 7",Available immediately
"1,032 €/m","block of flats, 50 m²",2h+kt+s,"Espoo
    , Tuomarila 
 
    , Kulovalkeantie 19 B",Available immediately
"1,036 €/m","block of flats, 57 m²",2H+K+S,"Espoo
    , Leppävaara 
 
    , Ruusutorpantie 1",Available immediately
803.84 €/m,"row house, 62 m²",2H+K+S,"Espoo
    , Puolarmetsä 
 
    , Pisanniitty 2",Available from 12/13/21
938 €/m,"block of flats, 52 m²",2H+KT,"Espoo
    , Saunalahti 
 
    , Reelinkikatu 2",Available immediately
"1,160 €/m","block of flats, 72 m²",3H+K,"Espoo
    , Karakallio 
 
    , Kalasääksentie 6",Available immediately
998 €/m,"block of flats, 57 m²",2H+KT,"Espoo
    , Kilo 
 
    , Nihtitorpankuja 3",Available immediately
876 €/m,"block of flats, 17 m²","Omahuone, jaettu kph","Espoo
    , Otaniemi 
 
    , Kivimiehentie 2",Available from 12/1/21
839.74 €/m,"block of flats, 59.5 m²",2H+K+S,"Espoo
    , Matinkylä 
 
    , Leilitie 1 C 30",Available immediately
960 €/m,"block of flats, 52.5 m²",2h+k,"Espoo
    , Haukilahti 
 
    , Kiiskenevä 2 C",Available immediately
"1,219 €/m","block of flats, 63.5 m²",3h+kk+s,"Espoo
    , Mäkkylä 
 
    , Adjutantinkatu 3 D",Available immediately
975 €/m,"block of flats, 46.5 m²",2H+KT,"Espoo
    , Kilo 
 
    , Kilonportti 3",Available immediately
915 €/m,"block of flats, 49.5 m²",2h+kk,"Espoo
    , Olari 
 
    , Kuvastimentie 1 F",Available immediately
"1,090 €/m","block of flats, 46.5 m²",2H+KT,"Espoo
    , Vermonniitty 
 
    , Runoratsunkatu 11",Available immediately
"1,667 €/m","block of flats, 43 m²","1h, k, kph","Espoo
    , Leppävaara 
 
    , Nikkarinkuja 5",Available from 12/2/21
835 €/m,"block of flats, 38.5 m²",2h+kt,"Espoo
    , Sepänkylä 
 
    , Peuraniitty 1",Available immediately
834 €/m,"block of flats, 43.5 m²",2h+kt,"Espoo
    , Ymmersta 
 
    , Ullanmäentie 14",Available immediately
735 €/m,"block of flats, 31 m²",1h+kt,"Espoo
    , Ymmersta 
 
    , Ullanmäentie 14",Available immediately
950 €/m,"block of flats, 51.5 m²",2h+kt+s,"Espoo
    , Suurpelto 
 
    , Piilipuuntie 17",Available immediately
946 €/m,"block of flats, 56 m²",2H+K,"Espoo
    , Karakallio 
 
    , Kalasääksentie 6",Available immediately
672 €/m,"block of flats, 23 m²","Omahuone, jaettu kph","Espoo
    , Otaniemi 
 
    , Kivimiehentie 2",Available from 12/6/21
"2,681 €/m","semi-detached house, 67 m²","4h, ak, kph, s, wc, p","Espoo
    , Nupuri 
 
    , Myllärintie 7",Available from 12/2/21
840 €/m,"block of flats, 46 m²",1H+KK,"Espoo
    , Suurpelto 
 
    , Klariksentie 6",Available immediately
985 €/m,"block of flats, 60.5 m²",2h+k+s,"Espoo
    , Tuomarila 
 
    , Lyhtykuja 2",Available immediately
812 €/m,"block of flats, 39 m²",2h+kk,"Espoo
    , Kilo 
 
    , Vanharaide 3 B",Available immediately
709.92 €/m,"block of flats, 48 m²",2H+KK,"Espoo
    , Suurpelto 
 
    , Piilipuuntie 3 C-E",Available on agreement
883 €/m,"block of flats, 50 m²",2h+kt+s,"Espoo
    , Suurpelto 
 
    , Likusterikatu 1 A-C",Available immediately
695.5 €/m,"block of flats, 48.5 m²",1H+TK+S,"Espoo
    , Leppävaara 
 
    , Säterinkuja 1 A 01",Available immediately
"1,305 €/m","block of flats, 72.5 m²",3h+k+s+parv.,"Espoo
    , Perkkaa 
 
    , Perkkaantie 3",Available immediately
"1,195 €/m","block of flats, 70 m²",3-4h+kt+s,"Espoo
    , Vermonniitty 
 
    , Kaarlo Sarkian katu 8",Available immediately
875 €/m,"block of flats, 40.5 m²",1H+KT,"Espoo
    , Leppävaara 
 
    , Ajurinkuja 1",Available immediately
912 €/m,"block of flats, 49.5 m²",2H+KK,"Espoo
    , Suvela 
 
    , Kirstintie 17",Available immediately
857.73 €/m,"block of flats, 52.5 m²",1H+K,"Espoo
    , Suurpelto 
 
    , Klariksentie 2",Available immediately
845 €/m,"block of flats, 36.5 m²",1H+KK,"Espoo
    , Suurpelto 
 
    , Piilipuuntie 25",Available immediately
884 €/m,"block of flats, 56 m²",2h+k,"Espoo
    , Matinkylä 
 
    , Matinraitti 9",Available immediately
755 €/m,"block of flats, 34.5 m²",1h+kk,"Espoo
    , Tuomarila 
 
    , Ratalaaksonkuja 14",Available immediately
718 €/m,"block of flats, 28 m²",1h+kt,"Espoo
    , Kauklahti 
 
    , Lasiportti 2",Available immediately
785 €/m,"block of flats, 33.5 m²",1h+kt,"Espoo
    , Matinkylä 
 
    , Etuniementie 1 F-G",Available immediately
899 €/m,"block of flats, 48.5 m²",2h+kt,"Espoo
    , Matinkylä 
 
    , Etuniementie 1 A-B",Available immediately
952 €/m,"block of flats, 50.5 m²",2H+KT,"Espoo
    , Saunalahti 
 
    , Reelinkikatu 2",Available immediately
"1,065 €/m","block of flats, 50 m²",2h+kt,"Espoo
    , Tapiola 
 
    , Revontulentie 11",Available immediately
800 €/m,"block of flats, 42 m²",2h+kk,"Espoo
    , Niittymaa 
 
    , Malmiportti 4 B",Available immediately
866 €/m,"block of flats, 51.5 m²",2h+kk+s,"Espoo
 
    , Muurarinkuja 1 D",Available immediately
"1,172 €/m","block of flats, 55 m²",3h+k,"Espoo
    , Haukilahti 
 
    , Pitkänkalliontie 9 B",Available immediately
699 €/m,"block of flats, 28 m²",1h+kt,"Espoo
    , Kauklahti 
 
    , Lasiportti 2",Available immediately
916 €/m,"block of flats, 44 m²",2H+KK,"Espoo
    , Suurpelto 
 
    , Piilipuuntie 25",Available immediately
790 €/m,"block of flats, 31.5 m²",1h+kt+alk,"Espoo
    , Vermonniitty 
 
    , Kaarlo Sarkian katu 10 C",Available immediately
985 €/m,"block of flats, 54 m²",2H+K,"Espoo
    , Suurpelto 
 
    , Piilipuuntie 25",Available immediately
908 €/m,"block of flats, 45.5 m²",2H+KK,"Espoo
    , Suurpelto 
 
    , Piilipuuntie 31",Available immediately
999 €/m,"block of flats, 56 m²",2H+K,"Espoo
    , Karakallio 
 
    , Kalasääksentie 6",Available immediately
705 €/m,"block of flats, 30 m²",1h+kt,"Espoo
    , Kauklahti 
 
    , Lasiportti 2",Available immediately
740 €/m,"block of flats, 32 m²",1h+tupak,"Espoo
    , Järvenperä 
 
    , Pellaksenmäentie 15",Available immediately
705 €/m,"block of flats, 28 m²",1h+tupak,"Espoo
    , Järvenperä 
 
    , Pellaksenmäentie 15",Available immediately
922.47 €/m,"block of flats, 65.5 m²",3H+K,"Espoo
    , Suurpelto 
 
    , Piilipuuntie 3 C-E",Available immediately
799 €/m,"block of flats, 34 m²",1h+kt,"Espoo
    , Matinkylä 
 
    , Etuniementie 1 C-E",Available immediately
885 €/m,"block of flats, 62 m²",2h+k+s,"Espoo
    , Tuomarila 
 
    , Tuomarilankatu 1",Available immediately
720 €/m,"block of flats, 31.5 m²",1h+kt,"Espoo
    , Espoon keskus 
 
    , Suviniitynkatu 1",Available immediately
695 €/m,"block of flats, 29.5 m²",1h+kt+alk.,"Espoo
    , Espoon keskus 
 
    , Suviniitynkatu 1",Available immediately
850 €/m,"block of flats, 39.5 m²",2h+kt,"Espoo
    , Espoon keskus 
 
    , Suviniitynkatu 1",Available immediately
879 €/m,"block of flats, 48.5 m²",2h+kt,"Espoo
    , Matinkylä 
 
    , Etuniementie 1 A-B",Available immediately
699 €/m,"block of flats, 28 m²",1h+kt,"Espoo
    , Kauklahti 
 
    , Lasiportti 2",Available immediately
698 €/m,"block of flats, 28 m²",1h+kt,"Espoo
    , Kauklahti 
 
    , Lasiportti 2",Available immediately
695 €/m,"block of flats, 28 m²",1h+kt,"Espoo
    , Kauklahti 
 
    , Lasiportti 2",Available immediately
699 €/m,"block of flats, 28 m²",1h+kt,"Espoo
    , Kauklahti 
 
    , Lasiportti 2",Available immediately
792.79 €/m,"block of flats, 74 m²",3H+K+S,"Espoo
    , Jouppi 
 
    , Joupinmäenkulma 3",Available on agreement
"1,036 €/m","block of flats, 47.5 m²",2H+KT,"Espoo
    , Leppävaara 
 
    , Ajurinkuja 1",Available immediately
887 €/m,"block of flats, 36 m²",1H+KT,"Espoo
    , Leppävaara 
 
    , Ajurinkuja 1",Available immediately
"1,023 €/m","block of flats, 51 m²",2H+KK+S,"Espoo
    , Järvenperä 
 
    , Aurorankuja 3",Available immediately
894 €/m,"block of flats, 56 m²",2h+k,"Espoo
    , Matinkylä 
 
    , Matinraitti 9",Available immediately
"1,356 €/m","block of flats, 35 m²","1h, k, kph, p","Espoo
    , Soukka 
 
    , Yläkartanontie 28",Available from 12/3/21
"1,100 €/m","block of flats, 65 m²",3h+k,"Espoo
    , Sepänkylä 
 
    , Peuraniitty 1 D",Available on agreement
920 €/m,"block of flats, 58.5 m²",2H+K,"Espoo
    , Kivenlahti 
 
    , Jälkimaininki 4",Available immediately
823 €/m,"block of flats, 39 m²",1H+KT,"Espoo
    , Suurpelto 
 
    , Piilipuuntie 31",Available immediately
920 €/m,"block of flats, 49.5 m²",2H+KT+S,"Espoo
    , Ymmersta 
 
    , Ullantorpantie 3",Available immediately
942 €/m,"block of flats, 49 m²",2H+KT,"Espoo
    , Vermonniitty 
 
    , Uuno Kailaan katu 5",Available immediately
875 €/m,"block of flats, 33 m²",1h+kt,"Espoo
    , Matinkylä 
 
    , Pyyntitie 1 C",Available immediately
835 €/m,"block of flats, 53 m²",2H + kk,"Espoo
    , Iivisniemi 
 
    , Iivisniemenkatu 2A 21",Available immediately
716.34 €/m,"block of flats, 59.5 m²",2H+K+S,"Espoo
    , Suvela 
 
    , Kirstinmäki 12 A 07",Available immediately
755 €/m,"block of flats, 34.5 m²",1h+kk,"Espoo
    , Tuomarila 
 
    , Ratalaaksonkuja 14",Available immediately
790 €/m,"block of flats, 55 m²",2h+k+kph+parveke,"Espoo
    , Viherlaakso 
 
    , Viherkallionkuja 3 N",Available immediately
654.12 €/m,"block of flats, 46 m²",2H+KT,"Espoo
    , Saunalahti 
 
    , Reelinkikatu 4 A 16",Available immediately
860 €/m,"block of flats, 45.5 m²",2h+kk+s,"Espoo
    , Lintuvaara 
 
    , Kyyhkysmäki 14 C",Available immediately
709.92 €/m,"block of flats, 48 m²",2H+KK,"Espoo
    , Suurpelto 
 
    , Piilipuuntie 3 C-E",Available on agreement
"2,033 €/m","semi-detached house, 53 m²","3h, ak, kph, wc, p","Espoo
    , Perusmäki 
 
    , Lavaniityntie 4",Available immediately
917 €/m,"block of flats, 46 m²",2H+KT,"Espoo
    , Vermonniitty 
 
    , Uuno Kailaan katu 4",Available from 1/1/22
746 €/m,"block of flats, 30 m²",1H+KT,"Espoo
    , Vermonniitty 
 
    , Uuno Kailaan katu 4",Available from 1/1/22
915 €/m,"block of flats, 45.5 m²",2H+KT,"Espoo
    , Vermonniitty 
 
    , Uuno Kailaan katu 4",Available from 1/1/22
771 €/m,"block of flats, 29 m²",1H+KT,"Espoo
    , Vermonniitty 
 
    , Uuno Kailaan katu 4",Available from 1/1/22
766 €/m,"block of flats, 29.5 m²",1H+KT,"Espoo
    , Vermonniitty 
 
    , Uuno Kailaan katu 4",Available from 1/1/22
925 €/m,"block of flats, 46 m²",2H+KT,"Espoo
    , Vermonniitty 
 
    , Uuno Kailaan katu 4",Available from 1/1/22
771 €/m,"block of flats, 29.5 m²",1H+KT,"Espoo
    , Vermonniitty 
 
    , Uuno Kailaan katu 4",Available from 1/1/22
950 €/m,"block of flats, 51.5 m²",2h+kk,"Espoo
    , Olari 
 
    , Kuvastimentie 1 E",Available on agreement
766 €/m,"block of flats, 29.5 m²",1H+KT,"Espoo
    , Vermonniitty 
 
    , Uuno Kailaan katu 4",Available from 1/1/22
919 €/m,"block of flats, 44.5 m²",2H+KT,"Espoo
    , Vermonniitty 
 
    , Uuno Kailaan katu 4",Available from 1/1/22
766 €/m,"block of flats, 29.5 m²",1H+KT,"Espoo
    , Vermonniitty 
 
    , Uuno Kailaan katu 4",Available from 1/1/22
936 €/m,"block of flats, 44.5 m²",2H+KT,"Espoo
    , Vermonniitty 
 
    , Uuno Kailaan katu 4",Available from 1/1/22
761 €/m,"block of flats, 29.5 m²",1H+KT,"Espoo
    , Vermonniitty 
 
    , Uuno Kailaan katu 4",Available from 1/1/22
761 €/m,"block of flats, 29.5 m²",1H+KT,"Espoo
    , Vermonniitty 
 
    , Uuno Kailaan katu 4",Available from 1/1/22
949 €/m,"block of flats, 48.5 m²",2H+KT,"Espoo
    , Vermonniitty 
 
    , Uuno Kailaan katu 4",Available from 1/1/22
940 €/m,"block of flats, 48.5 m²",2H+KT,"Espoo
    , Vermonniitty 
 
    , Uuno Kailaan katu 4",Available from 1/1/22
892 €/m,"block of flats, 46 m²",2H+KT,"Espoo
    , Vermonniitty 
 
    , Uuno Kailaan katu 4",Available from 1/1/22
771 €/m,"block of flats, 29.5 m²",1H+KT,"Espoo
    , Vermonniitty 
 
    , Uuno Kailaan katu 4",Available from 1/1/22
771 €/m,"block of flats, 29.5 m²",1H+KT,"Espoo
    , Vermonniitty 
 
    , Uuno Kailaan katu 4",Available from 1/1/22
898 €/m,"block of flats, 46 m²",2H+KT,"Espoo
    , Vermonniitty 
 
    , Uuno Kailaan katu 4",Available from 1/1/22
927 €/m,"block of flats, 44.5 m²",2H+KT,"Espoo
    , Vermonniitty 
 
    , Uuno Kailaan katu 4",Available from 1/1/22
910 €/m,"block of flats, 44.5 m²",2H+KT,"Espoo
    , Vermonniitty 
 
    , Uuno Kailaan katu 4",Available from 1/1/22
923 €/m,"block of flats, 45.5 m²",2H+KT,"Espoo
    , Vermonniitty 
 
    , Uuno Kailaan katu 4",Available from 1/1/22
932 €/m,"block of flats, 45.5 m²",2H+KT,"Espoo
    , Vermonniitty 
 
    , Uuno Kailaan katu 4",Available from 1/1/22
888 €/m,"block of flats, 40.5 m²",2H+KT,"Espoo
    , Vermonniitty 
 
    , Uuno Kailaan katu 4",Available from 1/1/22
753 €/m,"block of flats, 30 m²",1H+KT,"Espoo
    , Vermonniitty 
 
    , Uuno Kailaan katu 4",Available from 1/1/22
791 €/m,"block of flats, 29.5 m²",1H+KT,"Espoo
    , Vermonniitty 
 
    , Uuno Kailaan katu 4",Available from 1/1/22
888 €/m,"block of flats, 40.5 m²",2H+KT,"Espoo
    , Vermonniitty 
 
    , Uuno Kailaan katu 4",Available from 1/1/22
791 €/m,"block of flats, 29 m²",1H+KT,"Espoo
    , Vermonniitty 
 
    , Uuno Kailaan katu 4",Available from 1/1/22
905 €/m,"block of flats, 40.5 m²",2H+KT,"Espoo
    , Vermonniitty 
 
    , Uuno Kailaan katu 4",Available from 1/1/22
759 €/m,"block of flats, 30 m²",1H+KT,"Espoo
    , Vermonniitty 
 
    , Uuno Kailaan katu 4",Available from 1/1/22
753 €/m,"block of flats, 30 m²",1H+KT,"Espoo
    , Vermonniitty 
 
    , Uuno Kailaan katu 4",Available from 1/1/22
896 €/m,"block of flats, 40.5 m²",2H+KT,"Espoo
    , Vermonniitty 
 
    , Uuno Kailaan katu 4",Available from 1/1/22
899 €/m,"block of flats, 40.5 m²",2H+KT,"Espoo
    , Vermonniitty 
 
    , Uuno Kailaan katu 4",Available from 1/1/22
941 €/m,"block of flats, 45.5 m²",2H+KT,"Espoo
    , Vermonniitty 
 
    , Uuno Kailaan katu 4",Available from 1/1/22
910 €/m,"block of flats, 40.5 m²",2H+KT,"Espoo
    , Vermonniitty 
 
    , Uuno Kailaan katu 4",Available from 1/1/22
759 €/m,"block of flats, 30 m²",1H+KT,"Espoo
    , Vermonniitty 
 
    , Uuno Kailaan katu 4",Available from 1/1/22
759 €/m,"block of flats, 30 m²",1H+KT,"Espoo
    , Vermonniitty 
 
    , Uuno Kailaan katu 4",Available from 1/1/22
774 €/m,"block of flats, 29.5 m²",1H+KT,"Espoo
    , Vermonniitty 
 
    , Uuno Kailaan katu 4",Available from 1/1/22
774 €/m,"block of flats, 29 m²",1H+KT,"Espoo
    , Vermonniitty 
 
    , Uuno Kailaan katu 4",Available from 1/1/22
923 €/m,"block of flats, 45.5 m²",2H+KT,"Espoo
    , Vermonniitty 
 
    , Uuno Kailaan katu 4",Available from 1/1/22
932 €/m,"block of flats, 45.5 m²",2H+KT,"Espoo
    , Vermonniitty 
 
    , Uuno Kailaan katu 4",Available from 1/1/22
786 €/m,"block of flats, 29 m²",1H+KT,"Espoo
    , Vermonniitty 
 
    , Uuno Kailaan katu 4",Available from 1/1/22
943 €/m,"block of flats, 46 m²",2H+KT,"Espoo
    , Vermonniitty 
 
    , Uuno Kailaan katu 4",Available from 1/1/22
899 €/m,"block of flats, 40.5 m²",2H+KT,"Espoo
    , Vermonniitty 
 
    , Uuno Kailaan katu 4",Available from 1/1/22
915 €/m,"block of flats, 45.5 m²",2H+KT,"Espoo
    , Vermonniitty 
 
    , Uuno Kailaan katu 4",Available from 1/1/22
910 €/m,"block of flats, 40.5 m²",2H+KT,"Espoo
    , Vermonniitty 
 
    , Uuno Kailaan katu 4",Available from 1/1/22
786 €/m,"block of flats, 29.5 m²",1H+KT,"Espoo
    , Vermonniitty 
 
    , Uuno Kailaan katu 4",Available from 1/1/22
960 €/m,"block of flats, 46 m²",2H+KT,"Espoo
    , Vermonniitty 
 
    , Uuno Kailaan katu 4",Available from 1/1/22
906 €/m,"block of flats, 45.5 m²",2H+KT,"Espoo
    , Vermonniitty 
 
    , Uuno Kailaan katu 4",Available from 1/1/22
934 €/m,"block of flats, 46 m²",2H+KT,"Espoo
    , Vermonniitty 
 
    , Uuno Kailaan katu 4",Available from 1/1/22
896 €/m,"block of flats, 40.5 m²",2H+KT,"Espoo
    , Vermonniitty 
 
    , Uuno Kailaan katu 4",Available from 1/1/22
905 €/m,"block of flats, 40.5 m²",2H+KT,"Espoo
    , Vermonniitty 
 
    , Uuno Kailaan katu 4",Available from 1/1/22
917 €/m,"block of flats, 46 m²",2H+KT,"Espoo
    , Vermonniitty 
 
    , Uuno Kailaan katu 4",Available from 1/1/22
907 €/m,"block of flats, 46 m²",2H+KT,"Espoo
    , Vermonniitty 
 
    , Uuno Kailaan katu 4",Available from 1/1/22
925 €/m,"block of flats, 46 m²",2H+KT,"Espoo
    , Vermonniitty 
 
    , Uuno Kailaan katu 4",Available from 1/1/22
934 €/m,"block of flats, 46 m²",2H+KT,"Espoo
    , Vermonniitty 
 
    , Uuno Kailaan katu 4",Available from 1/1/22
934 €/m,"block of flats, 46 m²",2H+KT,"Espoo
    , Vermonniitty 
 
    , Uuno Kailaan katu 4",Available from 1/1/22
757 €/m,"block of flats, 29 m²",1H+KT,"Espoo
    , Vermonniitty 
 
    , Uuno Kailaan katu 4",Available from 1/1/22
782 €/m,"block of flats, 30.5 m²",1H+KT,"Espoo
    , Vermonniitty 
 
    , Uuno Kailaan katu 4",Available from 1/1/22
799 €/m,"block of flats, 30.5 m²",1H+KT,"Espoo
    , Vermonniitty 
 
    , Uuno Kailaan katu 4",Available from 1/1/22
799 €/m,"block of flats, 32 m²",1H+KT,"Espoo
    , Vermonniitty 
 
    , Uuno Kailaan katu 4",Available from 1/1/22
757 €/m,"block of flats, 29.5 m²",1H+KT,"Espoo
    , Vermonniitty 
 
    , Uuno Kailaan katu 4",Available from 1/1/22
796 €/m,"block of flats, 30.5 m²",1H+KT,"Espoo
    , Vermonniitty 
 
    , Uuno Kailaan katu 4",Available from 1/1/22
812 €/m,"block of flats, 32 m²",1H+KT,"Espoo
    , Vermonniitty 
 
    , Uuno Kailaan katu 4",Available from 1/1/22
917 €/m,"block of flats, 46 m²",2H+KT,"Espoo
    , Vermonniitty 
 
    , Uuno Kailaan katu 4",Available from 1/1/22
952 €/m,"block of flats, 46 m²",2H+KT,"Espoo
    , Vermonniitty 
 
    , Uuno Kailaan katu 4",Available from 1/1/22
952 €/m,"block of flats, 46 m²",2H+KT,"Espoo
    , Vermonniitty 
 
    , Uuno Kailaan katu 4",Available from 1/1/22
943 €/m,"block of flats, 46 m²",2H+KT,"Espoo
    , Vermonniitty 
 
    , Uuno Kailaan katu 4",Available from 1/1/22
907 €/m,"block of flats, 46 m²",2H+KT,"Espoo
    , Vermonniitty 
 
    , Uuno Kailaan katu 4",Available from 1/1/22
761 €/m,"block of flats, 29.5 m²",1H+KT,"Espoo
    , Vermonniitty 
 
    , Uuno Kailaan katu 4",Available from 1/1/22
796 €/m,"block of flats, 32 m²",1H+KT,"Espoo
    , Vermonniitty 
 
    , Uuno Kailaan katu 4",Available from 1/1/22
925 €/m,"block of flats, 46 m²",2H+KT,"Espoo
    , Vermonniitty 
 
    , Uuno Kailaan katu 4",Available from 1/1/22
943 €/m,"block of flats, 46 m²",2H+KT,"Espoo
    , Vermonniitty 
 
    , Uuno Kailaan katu 4",Available from 1/1/22
782 €/m,"block of flats, 32 m²",1H+KT,"Espoo
    , Vermonniitty 
 
    , Uuno Kailaan katu 4",Available from 1/1/22
774 €/m,"block of flats, 32 m²",1H+KT,"Espoo
    , Vermonniitty 
 
    , Uuno Kailaan katu 4",Available from 1/1/22
907 €/m,"block of flats, 46 m²",2H+KT,"Espoo
    , Vermonniitty 
 
    , Uuno Kailaan katu 4",Available from 1/1/22
774 €/m,"block of flats, 30.5 m²",1H+KT,"Espoo
    , Vermonniitty 
 
    , Uuno Kailaan katu 4",Available from 1/1/22
"2,525 €/m","block of flats, 74 m²","3h, ak, kph, s, wc, p","Espoo
    , Olari 
 
    , Piispanpiha 4",Available from 12/31/21
860 €/m,"block of flats, 45.5 m²",2h+kk+s,"Espoo
    , Suurpelto 
 
    , Piilipuuntie 21 E",Available immediately
995 €/m,"block of flats, 50 m²",2h+kt,"Espoo
    , Leppävaara 
 
    , Linnatullinkatu 1",Available immediately
"1,095 €/m","block of flats, 50 m²",2h+kt,"Espoo
    , Leppävaara 
 
    , Linnatullinkatu 1",Available immediately
"1,321.49 €/m","row house, 108 m²",5H+K+S,"Espoo
    , Miilukorpi 
 
    , Pihkakuja 4 D 14",Available immediately
"2,025 €/m","block of flats, 80 m²","3h, k, kph, p","Espoo
    , Matinkylä 
 
    , Liisankuja 4",Available from 12/7/21
915 €/m,"block of flats, 52.5 m²",2h+k,"Espoo
    , Haukilahti 
 
    , Kiiskenevä 2 B",Available immediately
"1,220 €/m","block of flats, 62.5 m²",3h+kk+s,"Espoo
    , Mäkkylä 
 
    , Adjutantinkatu 3 B",Available immediately
845 €/m,"block of flats, 36.5 m²",1H+KK,"Espoo
    , Suurpelto 
 
    , Piilipuuntie 25",Available immediately
"1,090 €/m","block of flats, 60 m²",3h+kt,"Espoo
    , Tuomarila 
 
    , Ratalaaksonkuja 14",Available immediately
794 €/m,"block of flats, 38.5 m²",1h+kt,"Espoo
    , Ymmersta 
 
    , Ullanmäentie 14",Available immediately
864.43 €/m,"block of flats, 46 m²",2H+KK,"Espoo
    , Saunalahti 
 
    , Kompassikatu 7",Available immediately
730 €/m,"block of flats, 32 m²",1h+kt,"Espoo
    , Sepänkylä 
 
    , Peuraniitty 1 D",Available immediately
810.96 €/m,"block of flats, 69.5 m²",3H+K+S,"Espoo
    , Suvela 
 
    , Joupinkuja 2","Available immediately|Display 12/1/21 
                  
                    2:00 PM"
"1,055 €/m","block of flats, 50.5 m²",2h+kt+s,"Espoo
    , Niittykumpu 
 
    , Niittykatu 1 C-D",Available immediately
"1,670 €/m","block of flats, 44.5 m²","2h, ak, kph, p","Espoo
    , Tapiola 
 
    , Elosalamantie 2",Available immediately
988 €/m,"block of flats, 46.5 m²",2H+KT,"Espoo
    , Kilo 
 
    , Kilonportti 3",Available immediately
975 €/m,"block of flats, 46.5 m²",2H+KT,"Espoo
    , Kilo 
 
    , Kilonportti 3",Available immediately
977 €/m,"block of flats, 46.5 m²",2H+KT,"Espoo
    , Kilo 
 
    , Kilonportti 3",Available immediately
915 €/m,"block of flats, 43.5 m²",2H+KT,"Espoo
    , Suurpelto 
 
    , Piilipuuntie 25",Available immediately
845 €/m,"block of flats, 36.5 m²",1H+KK,"Espoo
    , Suurpelto 
 
    , Piilipuuntie 25",Available immediately
890 €/m,"block of flats, 40.5 m²",2H+KK,"Espoo
    , Suurpelto 
 
    , Klariksentie 6",Available immediately
"1,290 €/m","block of flats, 33 m²","1h, kk, kph, wc","Espoo
    , Tapiola 
 
    , Mäntyviita 4",Available from 12/2/21
950 €/m,"block of flats, 37.5 m²",1-2h+k+p,"Espoo
    , Tapiola 
 
    , Menninkäisentie 5",Available immediately
800 €/m,"block of flats, 39 m²",2h+kk,"Espoo
    , Kilo 
 
    , Vanharaide 3 A",Available on agreement
850 €/m,"block of flats, 48.5 m²",2H+KK+S,"Espoo
    , Leppävaara 
 
    , Postipuuntie 10",Available immediately
"1,003 €/m","block of flats, 55 m²",2h+k+s,"Espoo
    , Painiitty 
 
    , Lotankatu 3",Available immediately
955 €/m,"block of flats, 45.5 m²",2H+KK+S,"Espoo
    , Matinkylä 
 
    , Markkinakatu 4 B",Available immediately
902 €/m,"block of flats, 44.5 m²",2h+kt,"Espoo
    , Olari 
 
    , Piispanpiha 7",Available immediately
846 €/m,"block of flats, 35 m²",1H+KT,"Espoo
    , Kivenlahti 
 
    , Marinkallio 8",Available immediately
980 €/m,"block of flats, 48.5 m²",2h+kk+s,"Espoo
    , Mäkkylä 
 
    , Adjutantinkatu 3 B",Available immediately
720 €/m,"block of flats, 29.5 m²",1h+kt+rp,"Espoo
    , Kilo 
 
    , Multahaankuja 8",Available immediately
972 €/m,"block of flats, 54 m²",2h+k+s,"Espoo
    , Lintuvaara 
 
    , Kyyhkysmäki 14 A",Available immediately
970 €/m,"block of flats, 53 m²",2h+k+s,"Espoo
    , Matinkylä 
 
    , Matinniitynkuja 6B",Available immediately
839.66 €/m,"block of flats, 71.5 m²",3H+K+S,"Espoo
    , Suvela 
 
    , Joupinmäensyrjä 8",Available immediately
"1,010 €/m","block of flats, 51.5 m²",2h+kk+s,"Espoo
    , Mäkkylä 
 
    , Adjutantinkatu 3 C",Available immediately
885 €/m,"block of flats, 49.5 m²",2H+KK,"Espoo
    , Suvela 
 
    , Kirstintie 17",Available immediately
720.77 €/m,"block of flats, 49 m²",2H+KT,"Espoo
    , Suvela 
 
    , Kirstinharju 2",Available immediately
852.84 €/m,"block of flats, 62 m²",3H+KT,"Espoo
    , Suvela 
 
    , Kirstinharju 2",Available immediately
504.4 €/m,"block of flats, 32.5 m²",1H+KT,"Espoo
    , Suvela 
 
    , Kirstinharju 2",Available immediately
894.99 €/m,"block of flats, 62 m²",3H+KT,"Espoo
    , Suvela 
 
    , Kirstinharju 2",Available immediately
743.25 €/m,"block of flats, 53 m²",3H+KT,"Espoo
    , Suvela 
 
    , Kirstinharju 2",Available immediately
876.72 €/m,"block of flats, 62 m²",3H+KT,"Espoo
    , Suvela 
 
    , Kirstinharju 2",Available immediately
861.27 €/m,"block of flats, 62 m²",3H+KT,"Espoo
    , Suvela 
 
    , Kirstinharju 2",Available from 10/31/22
"1,087.47 €/m","block of flats, 85 m²",5H+KT,"Espoo
    , Suvela 
 
    , Kirstinharju 2",Available immediately
502.99 €/m,"block of flats, 32 m²",1H+KT,"Espoo
    , Suvela 
 
    , Kirstinharju 2",Available immediately
687.05 €/m,"block of flats, 49 m²",2H+KT,"Espoo
    , Suvela 
 
    , Kirstinharju 2",Available immediately
694.07 €/m,"block of flats, 49.5 m²",2H+KT,"Espoo
    , Suvela 
 
    , Kirstinharju 2",Available immediately
699.69 €/m,"block of flats, 49 m²",2H+KT,"Espoo
    , Suvela 
 
    , Kirstinharju 2",Available immediately
694.07 €/m,"block of flats, 49 m²",2H+KT,"Espoo
    , Suvela 
 
    , Kirstinharju 2",Available immediately
720.77 €/m,"block of flats, 49 m²",2H+KT,"Espoo
    , Suvela 
 
    , Kirstinharju 2",Available immediately
483.32 €/m,"block of flats, 32 m²",1H+KT,"Espoo
    , Suvela 
 
    , Kirstinharju 2",Available immediately
694.07 €/m,"block of flats, 49 m²",2H+KT,"Espoo
    , Suvela 
 
    , Kirstinharju 2",Available immediately
706.72 €/m,"block of flats, 49 m²",2H+KT,"Espoo
    , Suvela 
 
    , Kirstinharju 2",Available immediately
729.2 €/m,"block of flats, 49.5 m²",2H+KT,"Espoo
    , Suvela 
 
    , Kirstinharju 2",Available immediately
"1,094.5 €/m","block of flats, 83 m²",4H+KT,"Espoo
    , Suvela 
 
    , Kirstinharju 2",Available immediately
861.27 €/m,"block of flats, 62 m²",3H+KT,"Espoo
    , Suvela 
 
    , Kirstinharju 2",Available immediately
706.72 €/m,"block of flats, 49 m²",2H+KT,"Espoo
    , Suvela 
 
    , Kirstinharju 2",Available immediately
"1,164.75 €/m","block of flats, 85 m²",5H+KT,"Espoo
    , Suvela 
 
    , Kirstinharju 2",Available immediately
"1,109.95 €/m","block of flats, 85 m²",5H+KT,"Espoo
    , Suvela 
 
    , Kirstinharju 2",Available immediately
500.18 €/m,"block of flats, 32.5 m²",1H+KT,"Espoo
    , Suvela 
 
    , Kirstinharju 2",Available immediately
741.84 €/m,"block of flats, 49.5 m²",2H+KT,"Espoo
    , Suvela 
 
    , Kirstinharju 2",Available immediately
"1,105.74 €/m","block of flats, 83 m²",4H+KT,"Espoo
    , Suvela 
 
    , Kirstinharju 2",Available immediately
699.69 €/m,"block of flats, 49 m²",2H+KT,"Espoo
    , Suvela 
 
    , Kirstinharju 2",Available immediately
490.35 €/m,"block of flats, 32.5 m²",1H+KT,"Espoo
    , Suvela 
 
    , Kirstinharju 2",Available immediately
750.27 €/m,"block of flats, 53 m²",3H+KT,"Espoo
    , Suvela 
 
    , Kirstinharju 2",Available immediately
722.17 €/m,"block of flats, 49.5 m²",2H+KT,"Espoo
    , Suvela 
 
    , Kirstinharju 2",Available immediately
844.41 €/m,"block of flats, 62 m²",3H+KT,"Espoo
    , Suvela 
 
    , Kirstinharju 2",Available immediately
495.97 €/m,"block of flats, 32.5 m²",1H+KT,"Espoo
    , Suvela 
 
    , Kirstinharju 2",Available immediately
886.56 €/m,"block of flats, 62 m²",3H+KT,"Espoo
    , Suvela 
 
    , Kirstinharju 2",Available immediately
519.85 €/m,"block of flats, 32.5 m²",1H+KT,"Espoo
    , Suvela 
 
    , Kirstinharju 2",Available immediately
497.37 €/m,"block of flats, 32 m²",1H+KT,"Espoo
    , Suvela 
 
    , Kirstinharju 2",Available immediately
"1,132.43 €/m","block of flats, 85 m²",5H+KT,"Espoo
    , Suvela 
 
    , Kirstinharju 2",Available immediately
834.57 €/m,"block of flats, 62 m²",3H+KT,"Espoo
    , Suvela 
 
    , Kirstinharju 2",Available from 10/31/22
511.42 €/m,"block of flats, 32 m²",1H+KT,"Espoo
    , Suvela 
 
    , Kirstinharju 2",Available immediately
"1,073.42 €/m","block of flats, 83 m²",4H+KT,"Espoo
    , Suvela 
 
    , Kirstinharju 2",Available immediately
680.02 €/m,"block of flats, 49 m²",2H+KT,"Espoo
    , Suvela 
 
    , Kirstinharju 2",Available immediately
844.41 €/m,"block of flats, 62 m²",3H+KT,"Espoo
    , Suvela 
 
    , Kirstinharju 2",Available immediately
"1,121.19 €/m","block of flats, 85 m²",5H+KT,"Espoo
    , Suvela 
 
    , Kirstinharju 2",Available immediately
"1,142.27 €/m","block of flats, 85 m²",5H+KT,"Espoo
    , Suvela 
 
    , Kirstinharju 2",Available immediately
713.74 €/m,"block of flats, 49 m²",2H+KT,"Espoo
    , Suvela 
 
    , Kirstinharju 2",Available immediately
852.84 €/m,"block of flats, 62 m²",3H+KT,"Espoo
    , Suvela 
 
    , Kirstinharju 2",Available immediately
687.05 €/m,"block of flats, 49 m²",2H+KT,"Espoo
    , Suvela 
 
    , Kirstinharju 2",Available immediately
757.3 €/m,"block of flats, 53 m²",3H+KT,"Espoo
    , Suvela 
 
    , Kirstinharju 2",Available immediately
"1,062.18 €/m","block of flats, 83 m²",4H+KT,"Espoo
    , Suvela 
 
    , Kirstinharju 2",Available immediately
886.56 €/m,"block of flats, 62 m²",3H+KT,"Espoo
    , Suvela 
 
    , Kirstinharju 2",Available immediately
493.16 €/m,"block of flats, 32 m²",1H+KT,"Espoo
    , Suvela 
 
    , Kirstinharju 2",Available immediately
833.17 €/m,"block of flats, 62 m²",3H+KT,"Espoo
    , Suvela 
 
    , Kirstinharju 2",Available immediately
701.1 €/m,"block of flats, 49.5 m²",2H+KT,"Espoo
    , Suvela 
 
    , Kirstinharju 2",Available immediately
708.12 €/m,"block of flats, 49.5 m²",2H+KT,"Espoo
    , Suvela 
 
    , Kirstinharju 2",Available immediately
515.64 €/m,"block of flats, 32.5 m²",1H+KT,"Espoo
    , Suvela 
 
    , Kirstinharju 2",Available immediately
868.29 €/m,"block of flats, 62 m²",3H+KT,"Espoo
    , Suvela 
 
    , Kirstinharju 2",Available immediately
764.32 €/m,"block of flats, 53 m²",3H+KT,"Espoo
    , Suvela 
 
    , Kirstinharju 2",Available immediately
727.79 €/m,"block of flats, 49 m²",2H+KT,"Espoo
    , Suvela 
 
    , Kirstinharju 2",Available immediately
"1,153.51 €/m","block of flats, 85 m²",5H+KT,"Espoo
    , Suvela 
 
    , Kirstinharju 2",Available immediately
"1,098.71 €/m","block of flats, 85 m²",5H+KT,"Espoo
    , Suvela 
 
    , Kirstinharju 2",Available immediately
529.69 €/m,"block of flats, 32.5 m²",1H+KT,"Espoo
    , Suvela 
 
    , Kirstinharju 2",Available immediately
487.54 €/m,"block of flats, 32 m²",1H+KT,"Espoo
    , Suvela 
 
    , Kirstinharju 2",Available immediately
875 €/m,"block of flats, 55 m²",2h+k+s,"Espoo
 
    , Muurarinkuja 1 B",Available on agreement
687.05 €/m,"block of flats, 49.5 m²",2H+KT,"Espoo
    , Suvela 
 
    , Kirstinharju 2",Available immediately
"1,098 €/m","block of flats, 58 m²",2h+k,"Espoo
    , Tapiola 
 
    , Tietäjäntie 11 C",Available immediately
"1,095 €/m","block of flats, 50.5 m²",2h+kt,"Espoo
    , Leppävaara 
 
    , Linnatullinkatu 1",Available immediately
815 €/m,"block of flats, 49.5 m²",2h+kt,"Espoo
    , Kilo 
 
    , Nihtitorpankuja 7",Available immediately
925 €/m,"block of flats, 44.5 m²",2h+kk,"Espoo
    , Leppävaara 
 
    , Linnatullinkatu 1",
885 €/m,"block of flats, 49.5 m²",2H+KT,"Espoo
    , Suurpelto 
 
    , Suurpellon Puistokatu 12 C",Available immediately
"2,437 €/m","block of flats, 68 m²",,"Espoo
    , Haukilahti 
 
    , Hauenkalliontie 12-14",
811 €/m,"block of flats, 30.5 m²",1H+KT,"Espoo
    , Olari 
 
    , Koronakatu 1",Available immediately
"1,500 €/m","block of flats, 62 m²",2h + avok + p,"Espoo
    , Tapiola 
 
    , Hakarinne 2",Available from 10/1/22
819 €/m,"block of flats, 30.5 m²",1H+KT,"Espoo
    , Olari 
 
    , Koronakatu 1",Available immediately
806 €/m,"block of flats, 30 m²",1H+KT,"Espoo
    , Olari 
 
    , Koronakatu 1",Available immediately
814 €/m,"block of flats, 30 m²",1H+KT,"Espoo
    , Olari 
 
    , Koronakatu 1",Available immediately
969 €/m,"block of flats, 45 m²",2H+KT,"Espoo
    , Olari 
 
    , Koronakatu 1",Available immediately
827 €/m,"block of flats, 30.5 m²",1H+KT,"Espoo
    , Olari 
 
    , Koronakatu 1",Available immediately
"1,010 €/m","block of flats, 45 m²",2H+KT,"Espoo
    , Olari 
 
    , Koronakatu 1",Available immediately
861 €/m,"block of flats, 33.5 m²",1H+KT,"Espoo
    , Vermonniitty 
 
    , Runoratsunkatu 11",Available immediately
874 €/m,"block of flats, 33 m²",1H+KT,"Espoo
    , Vermonniitty 
 
    , Runoratsunkatu 11",Available immediately
878 €/m,"block of flats, 33.5 m²",1H+KT,"Espoo
    , Vermonniitty 
 
    , Runoratsunkatu 11",Available immediately
849 €/m,"block of flats, 33 m²",1H+KT,"Espoo
    , Vermonniitty 
 
    , Runoratsunkatu 11",Available immediately
924 €/m,"block of flats, 34 m²",1H+KT,"Espoo
    , Vermonniitty 
 
    , Runoratsunkatu 11",Available immediately
861 €/m,"block of flats, 33.5 m²",1H+KT,"Espoo
    , Vermonniitty 
 
    , Runoratsunkatu 11",Available immediately
861 €/m,"block of flats, 33.5 m²",1H+KT,"Espoo
    , Vermonniitty 
 
    , Runoratsunkatu 11",Available immediately
878 €/m,"block of flats, 33.5 m²",1H+KT,"Espoo
    , Vermonniitty 
 
    , Runoratsunkatu 11",Available immediately
867 €/m,"block of flats, 30.5 m²",1H+KT,"Espoo
    , Vermonniitty 
 
    , Runoratsunkatu 11",Available immediately
883 €/m,"block of flats, 30.5 m²",1H+KT,"Espoo
    , Vermonniitty 
 
    , Runoratsunkatu 11",Available immediately
867 €/m,"block of flats, 30.5 m²",1H+KT,"Espoo
    , Vermonniitty 
 
    , Runoratsunkatu 11",Available immediately
861 €/m,"block of flats, 33.5 m²",1H+KT,"Espoo
    , Vermonniitty 
 
    , Runoratsunkatu 11",Available immediately
"1,039 €/m","block of flats, 46.5 m²",2H+KT,"Espoo
    , Vermonniitty 
 
    , Runoratsunkatu 11",Available immediately
804 €/m,"block of flats, 30.5 m²",1H+KT,"Espoo
    , Olari 
 
    , Koronakatu 1",Available immediately
827 €/m,"block of flats, 30.5 m²",1H+KT,"Espoo
    , Olari 
 
    , Koronakatu 1",Available immediately
804 €/m,"block of flats, 30.5 m²",1H+KT,"Espoo
    , Olari 
 
    , Koronakatu 1",Available immediately
804 €/m,"block of flats, 30.5 m²",1H+KT,"Espoo
    , Olari 
 
    , Koronakatu 1",Available immediately
819 €/m,"block of flats, 30.5 m²",1H+KT,"Espoo
    , Olari 
 
    , Koronakatu 1",Available immediately
880 €/m,"block of flats, 33.5 m²",1H+KT,"Espoo
    , Vermonniitty 
 
    , Runoratsunkatu 11",Available immediately
915 €/m,"block of flats, 34 m²",1H+KT,"Espoo
    , Vermonniitty 
 
    , Runoratsunkatu 11",Available immediately
922 €/m,"block of flats, 33.5 m²",1H+KT,"Espoo
    , Vermonniitty 
 
    , Runoratsunkatu 11",Available immediately
941 €/m,"block of flats, 33.5 m²",1H+KT,"Espoo
    , Vermonniitty 
 
    , Runoratsunkatu 11",Available immediately
931 €/m,"block of flats, 33.5 m²",1H+KT,"Espoo
    , Vermonniitty 
 
    , Runoratsunkatu 11",Available immediately
889 €/m,"block of flats, 33.5 m²",1H+KT,"Espoo
    , Vermonniitty 
 
    , Runoratsunkatu 11",Available immediately
865 €/m,"block of flats, 33.5 m²",1H+KT,"Espoo
    , Vermonniitty 
 
    , Runoratsunkatu 11",Available immediately
897 €/m,"block of flats, 33.5 m²",1H+KT,"Espoo
    , Vermonniitty 
 
    , Runoratsunkatu 11",Available immediately
906 €/m,"block of flats, 33.5 m²",1H+KT,"Espoo
    , Vermonniitty 
 
    , Runoratsunkatu 11",Available immediately
967 €/m,"block of flats, 46.5 m²",2H+KT,"Espoo
    , Vermonniitty 
 
    , Runoratsunkatu 11",Available immediately
811 €/m,"block of flats, 30.5 m²",1H+KT,"Espoo
    , Olari 
 
    , Koronakatu 1",Available immediately
962 €/m,"block of flats, 43.5 m²",2H+KT,"Espoo
    , Vermonniitty 
 
    , Runoratsunkatu 11",Available immediately
905 €/m,"block of flats, 34 m²",1H+KT,"Espoo
    , Vermonniitty 
 
    , Runoratsunkatu 11",Available immediately
994 €/m,"block of flats, 46.5 m²",2H+KT,"Espoo
    , Vermonniitty 
 
    , Runoratsunkatu 11",Available immediately
"1,160 €/m","block of flats, 21 m²","1h, 1minik, kph, wc","Espoo
    , Leppävaara 
 
    , Porarinkatu 3",Available immediately
846 €/m,"block of flats, 33.5 m²",1H+KT,"Espoo
    , Vermonniitty 
 
    , Runoratsunkatu 11",Available immediately
855 €/m,"block of flats, 33.5 m²",1H+KT,"Espoo
    , Vermonniitty 
 
    , Runoratsunkatu 11",Available immediately
825 €/m,"block of flats, 32.5 m²",1H+KT,"Espoo
    , Vermonniitty 
 
    , Runoratsunkatu 11",Available immediately
897 €/m,"block of flats, 44.5 m²",2H+KT,"Espoo
    , Vermonniitty 
 
    , Runoratsunkatu 11",Available immediately
870 €/m,"block of flats, 33.5 m²",1H+KT,"Espoo
    , Vermonniitty 
 
    , Runoratsunkatu 11",Available immediately
881 €/m,"block of flats, 44 m²",2H+KT,"Espoo
    , Vermonniitty 
 
    , Runoratsunkatu 11",Available immediately
889 €/m,"block of flats, 48 m²",2h+kt,"Espoo
    , Matinkylä 
 
    , Etuniementie 1 F-G",Available immediately
874 €/m,"block of flats, 38 m²",1H+KK+S,"Espoo
    , Espoon keskus 
 
    , Kiltakuja 1",Available immediately
890 €/m,"block of flats, 43.5 m²",2h+kt,"Espoo
    , Espoon keskus 
 
    , Kirkkojärventie 10 A21",Available immediately
"2,100 €/m","block of flats, 45 m²","2h, kph, p","Espoo
    , Tapiola 
 
    , Kirjokansi 4",Available immediately
860 €/m,"block of flats, 45.5 m²",2h+kk+s,"Espoo
    , Lintuvaara 
 
    , Kyyhkysmäki 14 A",Available immediately
589.22 €/m,"balcony access block, 37.5 m²",1H+KK+S,"Espoo
    , Leppävaara 
 
    , Nuotiopiha 1 B 29",Available immediately
"1,016.02 €/m","block of flats, 75 m²",3H+K+S,"Espoo
    , Matinkylä 
 
    , Leilitie 1 C 24",Available from 5/11/22
875 €/m,"block of flats, 43 m²",2h+kk,"Espoo
    , Olari 
 
    , Kuvastimentie 1 F",Available immediately
902 €/m,"block of flats, 56.5 m²",2h+k,"Espoo
    , Olari 
 
    , Ylistörmä 1",Available immediately
"1,071 €/m","block of flats, 53 m²",2H+KT+S,"Espoo
    , Kilo 
 
    , Nihtitorpankuja 3",Available immediately
"2,592 €/m","block of flats, 97 m²","4h, k, kph, 2wc, p","Espoo
    , Kivenlahti 
 
    , Aallonhuippu 8",Available from 12/7/21
930 €/m,"block of flats, 48.5 m²",2h+kk+s,"Espoo
    , Suurpelto 
 
    , Piilipuuntie 21 E",Available immediately
378 €/m,"single-family house, 15 m²",15+4 m neliötä,"Espoo
    , Kuurinniitty 
 
    , Kuurinniityntie 13 a",Available immediately
650 €/m,"block of flats, 32 m²",1h+kt+alk.,"Espoo
    , Vermonniitty 
 
    , Kaarlo Sarkian katu 8",Available immediately
859 €/m,"block of flats, 39.5 m²",1H+KT,"Espoo
    , Kivenlahti 
 
    , Marinkallio 8",Available immediately
841 €/m,"block of flats, 42.5 m²",2h+kt,"Espoo
    , Painiitty 
 
    , Lotankatu 8",Available immediately
899 €/m,"block of flats, 54.5 m²",2h+kt,"Espoo
    , Suurpelto 
 
    , Piilipuuntie 15 C",
938 €/m,"block of flats, 59.5 m²",2H+K,"Espoo
    , Suvela 
 
    , Joupinmäenrinne 6",Available immediately
915 €/m,"block of flats, 43.5 m²",2H+KT,"Espoo
    , Suurpelto 
 
    , Piilipuuntie 25",Available immediately
860 €/m,"block of flats, 47.5 m²",2h+kt,"Espoo
    , Espoonlahti 
 
    , Ulappakatu 1 G",Available immediately
887 €/m,"block of flats, 42 m²",2h+k,"Espoo
    , Olari 
 
    , Puolikuu 2 C",Available immediately
"1,095 €/m","block of flats, 60 m²",2h+kk+s,"Espoo
    , Mäkkylä 
 
    , Adjutantinkatu 3 C",Available immediately
898 €/m,"block of flats, 49 m²",2H+KK,"Espoo
    , Pohjois-Tapiola 
 
    , Tietäjäntie 3",Available immediately
942 €/m,"block of flats, 49.5 m²",2H+KT,"Espoo
    , Kilo 
 
    , Nihtitorpankuja 3",Available immediately
720 €/m,"block of flats, 39 m²",2h+kt,"Espoo
    , Vermonniitty 
 
    , Kaarlo Sarkian katu 8",Available immediately
850 €/m,"block of flats, 40 m²",2h+tk,"Espoo
    , Vermonniitty 
 
    , Perilänniitty 2",Available immediately
795 €/m,"block of flats, 35.5 m²",1h+tk,"Espoo
    , Vermonniitty 
 
    , Perilänniitty 2",Available immediately
855 €/m,"block of flats, 45 m²",2h+kt+p,"Espoo
    , Perkkaa 
 
    , Perkkaantie 3",Available immediately
971.68 €/m,"block of flats, 54 m²",2 h + k + s + p,"Espoo
    , Perkkaa 
 
    , Komentajankatu 4 A 5",Available immediately
866 €/m,"block of flats, 43 m²",1H+KT,"Espoo
    , Saunalahti 
 
    , Reelinkikatu 2",Available immediately
799 €/m,"block of flats, 38.5 m²",2h+k,"Espoo
    , Niittymaa 
 
    , Malmiportti 4 A",Available immediately
899 €/m,"block of flats, 47.5 m²",2H+KK+P,"Espoo
    , Olari 
 
    , Kuvastimentie 1 H",Available immediately
672 €/m,"block of flats, 15 m²","Omahuone, jaettu kph","Espoo
    , Otaniemi 
 
    , Kivimiehentie 2",Available immediately
"1,356 €/m","block of flats, 30 m²",,"Espoo
    , Saunalahti 
 
    , Tiimalasintie 6",Available from 12/17/21
543 €/m,"block of flats, 12 m²","1h, yhteistilat","Espoo
    , Kivenlahti 
 
    , Aallonhuippu 4",Available from 12/5/21
"1,061.6 €/m","block of flats, 79.5 m²",3H+K+S,"Espoo
    , Leppävaara 
 
    , Säterinrinne 2 A 06",Available immediately
"1,026.97 €/m","block of flats, 74 m²",3 h + k + s + p,"Espoo
    , Espoon keskus 
 
    , Espoonaukio 7 D 47",Available immediately
823.2 €/m,"block of flats, 77 m²",3H+K+S,"Espoo
    , Suvela 
 
    , Suvelantie 14","Available immediately|Display 12/1/21 
                  
                    3:30 PM"
473 €/m,"block of flats, 10 m²","1h, jaettu kph, yhteistilat","Espoo
    , Kivenlahti 
 
    , Aallonhuippu 4",Available from 12/22/21
"3,214 €/m","block of flats, 114.5 m²","5h, k, kph, 2wc, p","Espoo
    , Kivenlahti 
 
    , Aallonhuippu 10",Available from 12/2/21
830 €/m,"block of flats, 46 m²",2h+kk,"Espoo
    , Tuomarila 
 
    , Ratavallintie 8",Available immediately
750 €/m,"block of flats, 31.5 m²",1h+kt+alk,"Espoo
    , Sepänkylä 
 
    , Peuraniitty 1",Available immediately
982 €/m,"block of flats, 65.5 m²",2H+K,"Espoo
    , Suvela 
 
    , Kirstintie 30",Available immediately
543 €/m,"block of flats, 14 m²","1h, jaettu kph, yhteistilat","Espoo
    , Kivenlahti 
 
    , Aallonhuippu 4",Available immediately
"1,095 €/m","block of flats, 56.5 m²",3h+kt,"Espoo
    , Espoon keskus 
 
    , Suviniitynkatu 1",Available immediately
809.09 €/m,"block of flats, 69 m²",3H+KK+S,"Espoo
    , Suvela 
 
    , Joupinmäensyrjä 8","Available immediately|Display 12/1/21 
                  
                    2:40 PM"
998.74 €/m,"block of flats, 70.5 m²",3H+K+S,"Espoo
    , Leppävaara 
 
    , Säterinkuja 1 A 22",Available from 12/17/21
870 €/m,"block of flats, 49 m²",2h+k,"Espoo
    , Niittymaa 
 
    , Malmiportti 4 A",Available immediately
955 €/m,"block of flats, 51.5 m²",2h+kk,"Espoo
    , Olari 
 
    , Kuvastimentie 1 E",Available immediately
885 €/m,"block of flats, 33.5 m²",1h+kt+alkovi,"Espoo
    , Kivenlahti 
 
    , Marinportti 4 A",Available on agreement
"1,043 €/m","block of flats, 46.5 m²",2H+KT,"Espoo
    , Kilo 
 
    , Kilonportti 3",Available immediately
895.43 €/m,"block of flats, 78 m²",3H+K+S,"Espoo
    , Suvela 
 
    , Kirstinmäki 12 A 09",Available from 2/8/22
473 €/m,"block of flats, 12 m²","1h, Omahuone, jaettu kph, yhte","Espoo
    , Kivenlahti 
 
    , Aallonhuippu 4",Available from 12/15/21
"1,085 €/m","block of flats, 50 m²",2h+kt,"Espoo
    , Leppävaara 
 
    , Linnatullinkatu 1",Available immediately
898.99 €/m,"block of flats, 78 m²",3H+K+S,"Espoo
    , Suvela 
 
    , Kirstinmäki 12 A 15",Available from 5/2/22
895 €/m,"block of flats, 49.5 m²",2h+kt,"Espoo
    , Kilo 
 
    , Nihtitorpankuja 5",Available immediately
"2,723 €/m","block of flats, 94 m²",,"Espoo
    , Laajalahti 
 
    , Heinjoenpolku 2",
786 €/m,"block of flats, 33.5 m²",1h+kt,"Espoo
    , Matinkylä 
 
    , Etuniementie 1 C-E",Available immediately
975 €/m,"block of flats, 55.5 m²",2H+K,"Espoo
    , Suurpelto 
 
    , Klariksentie 6",Available immediately
"2,527 €/m","block of flats, 93 m²",,"Espoo
    , Kauklahti 
 
    , Hansatie 4",Available from 12/20/21
813.39 €/m,"block of flats, 51.5 m²",2h+kk+p,"Espoo
    , Espoon keskus 
 
    , Reviisorinkatu 3 A 10",Available immediately
495.65 €/m,"block of flats, 27 m²",1H+KT,"Espoo
    , Karakallio 
 
    , Karakalliontie 1 L",Available immediately
513.69 €/m,"block of flats, 28 m²",1H+KT,"Espoo
    , Karakallio 
 
    , Karakalliontie 1 L",Available immediately
720 €/m,"block of flats, 32 m²",1h+tupak,"Espoo
    , Järvenperä 
 
    , Pellaksenmäentie 15",Available immediately
900.17 €/m,"block of flats, 78 m²",3H+K+S,"Espoo
    , Suvela 
 
    , Kirstinmäki 12 A 23",Available immediately
909 €/m,"block of flats, 50 m²",2h+kt+s,"Espoo
    , Suurpelto 
 
    , Likusterikatu 1 A-C",Available immediately
920.99 €/m,"block of flats, 84.5 m²",4H+K+S,"Espoo
    , Gumböle 
 
    , Hirvisuontie 5 B 30",Available immediately
785 €/m,"block of flats, 38.5 m²",1h+kt,"Espoo
    , Ymmersta 
 
    , Ullanmäentie 14",Available immediately
895 €/m,"block of flats, 40 m²",2H+KT,"Espoo
    , Espoon keskus 
 
    , Valakuja 8",Available immediately
890 €/m,"block of flats, 44 m²",2h+tk,"Espoo
    , Vermonniitty 
 
    , Perilänniitty 2",Available immediately
720 €/m,"block of flats, 32 m²",1h+kt,"Espoo
    , Espoon keskus 
 
    , Suviniitynkatu 1",
"1,170 €/m","block of flats, 62.5 m²",3h+kt,"Espoo
    , Espoon keskus 
 
    , Suviniitynkatu 1",Available immediately
893 €/m,"block of flats, 50 m²",2h+kt+s,"Espoo
    , Suurpelto 
 
    , Likusterikatu 1 A-C",Available immediately
852 €/m,"block of flats, 35.5 m²",1H+KT,"Espoo
    , Suurpelto 
 
    , Piilipuuntie 31",Available immediately
"3,068 €/m","block of flats, 70 m²","3h, ak, kph, p","Espoo
    , Leppävaara 
 
    , Nikkarinkuja 5",Available from 12/1/21
842.52 €/m,"block of flats, 59.5 m²",2H+K+S,"Espoo
    , Matinkylä 
 
    , Leilitie 1 A 02",Available from 5/11/22
"1,154.83 €/m","block of flats, 73 m²",3H+K+S,"Espoo
    , Saunalahti 
 
    , Kompassikatu 7",Available immediately
838 €/m,"block of flats, 40.5 m²",1H+KT,"Espoo
    , Saunalahti 
 
    , Reelinkikatu 2",Available immediately
815 €/m,"block of flats, 39 m²",2h+kk,"Espoo
    , Kilo 
 
    , Vanharaide 3 A",Available immediately
958 €/m,"block of flats, 46.5 m²",2H+KT,"Espoo
    , Kilo 
 
    , Kilonportti 3",Available immediately
850 €/m,"block of flats, 49.5 m²",2h+kt,"Espoo
    , Kilo 
 
    , Nihtitorpankuja 5",Available immediately
400 €/m,"block of flats, 57.5 m²",2h +k + p lasitettu,"Espoo
    , Suvela 
 
    , Kirstinmäki 15 A 15",Available immediately
915 €/m,"block of flats, 43.5 m²",2H+KT,"Espoo
    , Suurpelto 
 
    , Piilipuuntie 25",Available immediately
915 €/m,"block of flats, 43.5 m²",2H+KT,"Espoo
    , Suurpelto 
 
    , Piilipuuntie 25",Available immediately
898 €/m,"block of flats, 44 m²",2H+KK,"Espoo
    , Espoon keskus 
 
    , Valakuja 8",Available immediately
874 €/m,"block of flats, 56 m²",2h+k,"Espoo
    , Matinkylä 
 
    , Matinraitti 9",Available immediately
750 €/m,"block of flats, 42 m²",2h+kt+p,"Espoo
    , Saunalahti 
 
    , Tiimalasintie 5 B",Available immediately
944 €/m,"block of flats, 65.5 m²",2H+K,"Espoo
    , Suvela 
 
    , Kirstintie 30",Available immediately
946 €/m,"block of flats, 54.5 m²",2h+k+s,"Espoo
    , Suurpelto 
 
    , Piilipuuntie 21 B",Available immediately
839.19 €/m,"block of flats, 75.5 m²",3H+K+S,"Espoo
    , Saarniraivio 
 
    , Sokinsuontie 9",Available immediately
940 €/m,"block of flats, 51 m²",2H+KK+S,"Espoo
    , Ymmersta 
 
    , Ullantorpantie 1",Available immediately
670 €/m,"block of flats, 28.5 m²",1h+kt,"Espoo
    , Saunalahti 
 
    , Kummelivuorentie 8",Available immediately
"2,522 €/m","block of flats, 71 m²","3h, ak, kph, wc, 2p","Espoo
    , Olari 
 
    , Puolikuu 2",Available from 1/26/22
875 €/m,"block of flats, 45 m²",2h+kt+s,"Espoo
    , Vermonniitty 
 
    , Kaarlo Sarkian katu 8",Available immediately
869 €/m,"block of flats, 46 m²",2h+k+s,"Espoo
    , Lintuvaara 
 
    , Kiskottajankuja 2 C",Available immediately
"1,414 €/m","block of flats, 40 m²","2h, k, wc","Espoo
 
    , Ullanmäentie 10b C 78",
679 €/m,"block of flats, 28 m²",1h+kt,"Espoo
    , Kauklahti 
 
    , Lasiportti 2",Available immediately
625 €/m,"block of flats, 13 m²","Omahuone, jaettu kph","Espoo
    , Otaniemi 
 
    , Kivimiehentie 2",Available from 12/1/21
650 €/m,"block of flats, 32 m²",1h+kt+alk.,"Espoo
    , Vermonniitty 
 
    , Kaarlo Sarkian katu 8",Available immediately
"1,098 €/m","block of flats, 58 m²",2h+k,"Espoo
    , Tapiola 
 
    , Tietäjäntie 11 B",Available on agreement
679 €/m,"block of flats, 28 m²",1h+kt,"Espoo
    , Kauklahti 
 
    , Lasiportti 2",Available immediately
795 €/m,"block of flats, 35 m²",1h+kt,"Espoo
    , Matinkylä 
 
    , Etuniementie 1 F-G",Available immediately
900 €/m,"block of flats, 45.5 m²",2H+KK,"Espoo
    , Suurpelto 
 
    , Piilipuuntie 31",Available immediately
895 €/m,"block of flats, 48.5 m²",2h+kt,"Espoo
    , Matinkylä 
 
    , Etuniementie 1 C-E",Available immediately
925 €/m,"block of flats, 53 m²",2h+kt+s,"Espoo
    , Kilo 
 
    , Nihtitorpankuja 5",Available immediately
440 €/m,"block of flats, 78.5 m²",3h+k,"Espoo
    , Tuomarila 
 
    , Joupinpuisto 1 D 48",Available immediately
550 €/m,"single-family house, 120 m²",7h+k,"Espoo
    , Lippajärvi 
 
    , Vanha Turuntie",Available immediately
"2,300 €/m","block of flats, 74 m²",3+AVOK+Parveke,"Espoo
    , Matinkylä 
 
    , Matinpuronkuja 2",Available from 1/1/22
890 €/m,"block of flats, 59 m²",2h+k+s,"Espoo
 
    , Muurarinkuja 1 C",Available immediately
830 €/m,"block of flats, 49.5 m²",2h+kt+s,"Espoo
    , Tuomarila 
 
    , Kulovalkeantie 21 C",Available immediately
958 €/m,"block of flats, 44.5 m²",2h+k,"Espoo
    , Olari 
 
    , Piispanpiha 7",Available immediately
861 €/m,"block of flats, 39.5 m²",1H+KT,"Espoo
    , Suurpelto 
 
    , Piilipuuntie 31",Available immediately
840 €/m,"block of flats, 55 m²",2h+k+s,"Espoo
 
    , Muurarinkuja 1 B",Available on agreement
845 €/m,"block of flats, 45 m²",2h+kk+s,"Espoo
    , Lintuvaara 
 
    , Lintuvaarantie 21",Available immediately
855 €/m,"block of flats, 40.5 m²",1H+KT,"Espoo
    , Suurpelto 
 
    , Piilipuuntie 31",Available immediately
938 €/m,"block of flats, 59.5 m²",2H+K,"Espoo
    , Suvela 
 
    , Joupinmäenrinne 6",Available immediately
964 €/m,"block of flats, 49 m²",2H+KK,"Espoo
    , Pohjois-Tapiola 
 
    , Tietäjäntie 3",Available immediately
799 €/m,"block of flats, 47 m²",2h+kt,"Espoo
    , Saunalahti 
 
    , Linjaloistonkatu 3",Available immediately
865 €/m,"block of flats, 35 m²",1H+KT,"Espoo
    , Kilo 
 
    , Kilonportti 3",Available immediately
925 €/m,"block of flats, 38 m²",2H+KT,"Espoo
    , Kilo 
 
    , Forstmestarinpiha 2",Available immediately
854 €/m,"block of flats, 38.5 m²",1H+KT,"Espoo
    , Kilo 
 
    , Forstmestarinpiha 2",Available immediately
893 €/m,"block of flats, 34.5 m²",2H+KT,"Espoo
    , Kilo 
 
    , Forstmestarinpiha 2",Available immediately
814 €/m,"block of flats, 31.5 m²",1H+KT,"Espoo
    , Kilo 
 
    , Forstmestarinpiha 2",Available immediately
919 €/m,"block of flats, 34.5 m²",2H+KT,"Espoo
    , Kilo 
 
    , Forstmestarinpiha 2",Available immediately
817 €/m,"block of flats, 33.5 m²",1H+KT,"Espoo
    , Kilo 
 
    , Forstmestarinpiha 2",Available immediately
791 €/m,"block of flats, 31.5 m²",1H+KT,"Espoo
    , Kilo 
 
    , Forstmestarinpiha 2",Available immediately
825 €/m,"block of flats, 33.5 m²",1H+KT,"Espoo
    , Kilo 
 
    , Forstmestarinpiha 2",Available immediately
809 €/m,"block of flats, 33.5 m²",1H+KT,"Espoo
    , Kilo 
 
    , Forstmestarinpiha 2",Available immediately
801 €/m,"block of flats, 33.5 m²",1H+KT,"Espoo
    , Kilo 
 
    , Forstmestarinpiha 2",Available immediately
955 €/m,"block of flats, 42 m²",2H+KT,"Espoo
    , Kilo 
 
    , Forstmestarinpiha 2",Available immediately
946 €/m,"block of flats, 42 m²",2H+KT,"Espoo
    , Kilo 
 
    , Forstmestarinpiha 2",Available immediately
814 €/m,"block of flats, 31.5 m²",1H+KT,"Espoo
    , Kilo 
 
    , Forstmestarinpiha 2",Available immediately
809 €/m,"block of flats, 33.5 m²",1H+KT,"Espoo
    , Kilo 
 
    , Forstmestarinpiha 2",Available immediately
817 €/m,"block of flats, 33.5 m²",1H+KT,"Espoo
    , Kilo 
 
    , Forstmestarinpiha 2",Available immediately
825 €/m,"block of flats, 33.5 m²",1H+KT,"Espoo
    , Kilo 
 
    , Forstmestarinpiha 2",Available immediately
863 €/m,"block of flats, 38.5 m²",1H+KT,"Espoo
    , Kilo 
 
    , Forstmestarinpiha 2",Available immediately
807 €/m,"block of flats, 31.5 m²",1H+KT,"Espoo
    , Kilo 
 
    , Forstmestarinpiha 2",Available immediately
897 €/m,"block of flats, 39.5 m²",2H+KT,"Espoo
    , Kilo 
 
    , Forstmestarinpiha 2",Available immediately
820 €/m,"block of flats, 44 m²",2h+kk,"Espoo
    , Tuomarila 
 
    , Ratalaaksonkuja 14",Available immediately
750 €/m,"block of flats, 35 m²",1h+kt+alk.,"Espoo
    , Espoon keskus 
 
    , Suviniitynkatu 1",Available immediately
"1,170 €/m","block of flats, 62.5 m²",3h+kt,"Espoo
    , Espoon keskus 
 
    , Suviniitynkatu 1",Available immediately
912 €/m,"block of flats, 42.5 m²",2H+KT,"Espoo
    , Tuomarila 
 
    , Kulovalkeantie 21",Available immediately
"2,515 €/m","block of flats, 70 m²",,"Espoo
    , Espoon keskus 
 
    , Asemakuja 1",Available from 12/1/21
909 €/m,"block of flats, 50.5 m²",2h+kt,"Espoo
    , Painiitty 
 
    , Lotankatu 1",Available immediately
920 €/m,"block of flats, 47.5 m²",2h+kk,"Espoo
    , Olari 
 
    , Kuvastimentie 1 E",Available on agreement
915 €/m,"block of flats, 47.5 m²",2h+kk,"Espoo
    , Olari 
 
    , Kuvastimentie 1 E",Available on agreement
720 €/m,"block of flats, 32 m²",1h+kt,"Espoo
    , Espoon keskus 
 
    , Suviniitynkatu 1",Available immediately
755 €/m,"block of flats, 34.5 m²",1h+kk,"Espoo
    , Tuomarila 
 
    , Ratalaaksonkuja 14",Available immediately
543 €/m,"block of flats, 16 m²",Omahuone,"Espoo
    , Kivenlahti 
 
    , Aallonhuippu 4",Available immediately
975 €/m,"block of flats, 51.5 m²",2h+kt+s,"Espoo
    , Suurpelto 
 
    , Piilipuuntie 17",Available immediately
984 €/m,"block of flats, 56 m²",2-3h+k+s,"Espoo
    , Suurpelto 
 
    , Piilipuuntie 21 A",Available immediately
890 €/m,"block of flats, 49.5 m²",2H+KT,"Espoo
    , Suurpelto 
 
    , Suurpellon Puistokatu 12",Available immediately
858 €/m,"block of flats, 46 m²",2H+KK,"Espoo
    , Suvela 
 
    , Kirstinharju 23",Available immediately
765 €/m,"block of flats, 42 m²",1h+kt+alk.,"Espoo
    , Espoon keskus 
 
    , Suviniitynkatu 1",Available immediately
720 €/m,"block of flats, 29.5 m²",1h+kt+rp,"Espoo
    , Kilo 
 
    , Multahaankuja 8",Available immediately
918 €/m,"block of flats, 46.5 m²",2h+kk,"Espoo
    , Matinkylä 
 
    , Matinpuronkuja 2 C","Available immediately|Display 12/1/21 
                  
                    3:00 PM"
750 €/m,"block of flats, 35 m²",1h+kt+alk.,"Espoo
    , Espoon keskus 
 
    , Suviniitynkatu 1",Available immediately
650 €/m,"block of flats, 32 m²",1h+kt+alk.,"Espoo
    , Vermonniitty 
 
    , Kaarlo Sarkian katu 8",Available immediately
650 €/m,"block of flats, 32 m²",1h+kt+alk.,"Espoo
    , Vermonniitty 
 
    , Kaarlo Sarkian katu 8",Available immediately
"1,836 €/m","block of flats, 45 m²","2h, k, kph","Espoo
    , Leppävaara 
 
    , Nikkarinkuja 5",Available from 12/2/21
831 €/m,"block of flats, 38.5 m²",1H+KT,"Espoo
    , Saunalahti 
 
    , Reelinkikatu 2",Available immediately
935 €/m,"block of flats, 45.5 m²",2H+KK,"Espoo
 
    , Ratamotie 6",Available immediately
820 €/m,"block of flats, 44 m²",2h+kk,"Espoo
    , Tuomarila 
 
    , Ratalaaksonkuja 14",Available immediately
895 €/m,"block of flats, 43 m²",1H+KT,"Espoo
    , Kivenlahti 
 
    , Marinkallio 6",Available immediately
"2,025 €/m","block of flats, 63 m²",3h,"Espoo
    , Olari 
 
    , Kuusikallionkuja 3",Available from 12/22/21
820 €/m,"block of flats, 35.5 m²",1H+KT,"Espoo
    , Suurpelto 
 
    , Piilipuuntie 31",Available immediately
839 €/m,"block of flats, 62 m²",2h+k+s,"Espoo
    , Tuomarila 
 
    , Tuomarilankatu 1",Available immediately
"2,844 €/m","block of flats, 78 m²","2h, ak, kph, p","Espoo
    , Niittykumpu 
 
    , Niittymaantie 10",Available from 12/15/21
889 €/m,"block of flats, 48 m²",2h+kt,"Espoo
    , Matinkylä 
 
    , Etuniementie 1 F-G",Available immediately
965 €/m,"block of flats, 46 m²",2h+kk+s,"Espoo
    , Mäkkylä 
 
    , Adjutantinkatu 3 A",Available immediately
"1,200 €/m","block of flats, 52.5 m²",2h+kt+s,"Espoo
    , Kivenlahti 
 
    , Marinportti 4 A",Available on agreement
885 €/m,"block of flats, 33.5 m²",1h+kt+alkovi,"Espoo
    , Kivenlahti 
 
    , Marinportti 4 A",Available on agreement
895 €/m,"block of flats, 33.5 m²",1h+kt+alkovi,"Espoo
    , Kivenlahti 
 
    , Marinportti 4 A",Available on agreement
895 €/m,"block of flats, 36.5 m²",1h+kt+alkovi,"Espoo
    , Kivenlahti 
 
    , Marinportti 4 A",Available on agreement
"1,195 €/m","block of flats, 52.5 m²",2h+kt+s,"Espoo
    , Kivenlahti 
 
    , Marinportti 4 A",Available on agreement
"1,185 €/m","block of flats, 51 m²",2h+kt,"Espoo
    , Kivenlahti 
 
    , Marinportti 4 A",Available on agreement
"1,455 €/m","block of flats, 70 m²",3h+kt+s,"Espoo
    , Kivenlahti 
 
    , Marinportti 4 A",Available on agreement
"1,185 €/m","block of flats, 52.5 m²",2h+kt+s,"Espoo
    , Kivenlahti 
 
    , Marinportti 4 A",Available on agreement
"1,190 €/m","block of flats, 50.5 m²",2h+kt,"Espoo
    , Kivenlahti 
 
    , Marinportti 4 A",Available on agreement
"1,070 €/m","block of flats, 47 m²",2h+kt,"Espoo
    , Kivenlahti 
 
    , Marinportti 4 A",Available on agreement
890 €/m,"block of flats, 33.5 m²",1h+kt+alkovi,"Espoo
    , Kivenlahti 
 
    , Marinportti 4 A",Available on agreement
890 €/m,"block of flats, 33.5 m²",1h+kt+alkovi,"Espoo
    , Kivenlahti 
 
    , Marinportti 4 A",Available on agreement
715 €/m,"block of flats, 32 m²",1h+kt,"Espoo
    , Sepänkylä 
 
    , Peuraniitty 1 D",Available on agreement
"1,095 €/m","block of flats, 66 m²",3h+kt,"Espoo
    , Sepänkylä 
 
    , Peuraniitty 1 E",Available on agreement
933 €/m,"block of flats, 46.5 m²",2H+KK+S,"Espoo
    , Ymmersta 
 
    , Ullantorpantie 1",Available immediately
818 €/m,"block of flats, 35.5 m²",1H+KT,"Espoo
    , Suurpelto 
 
    , Piilipuuntie 31",Available immediately
967 €/m,"block of flats, 46 m²",2H+KK+S,"Espoo
    , Järvenperä 
 
    , Aurorankuja 3",Available immediately
"1,118 €/m","block of flats, 21 m²","1h, 1minik, kph, wc","Espoo
    , Leppävaara 
 
    , Porarinkatu 3",Available immediately
940 €/m,"block of flats, 50.5 m²",2h+kt+s,"Espoo
    , Niittykumpu 
 
    , Niittykatu 1 C-D",Available immediately
695 €/m,"block of flats, 29.5 m²",1h+kt+alk.,"Espoo
    , Espoon keskus 
 
    , Suviniitynkatu 1",
"1,050 €/m","block of flats, 50 m²",2h+kt,"Espoo
    , Leppävaara 
 
    , Linnatullinkatu 1",Available immediately
895 €/m,"block of flats, 49.5 m²",2H+KK,"Espoo
    , Suvela 
 
    , Kirstintie 17",Available immediately
789 €/m,"block of flats, 43 m²",2h+kt,"Espoo
    , Suurpelto 
 
    , Likusterikatu 1 A-C",Available immediately
"1,095 €/m","block of flats, 51 m²",2h+kt,"Espoo
    , Leppävaara 
 
    , Linnatullinkatu 1",Available immediately
820 €/m,"block of flats, 44 m²",2h+kk,"Espoo
    , Tuomarila 
 
    , Ratalaaksonkuja 14",Available immediately
895 €/m,"block of flats, 48 m²",2h+kt+s,"Espoo
    , Tuomarila 
 
    , Kulovalkeantie 21 C",Available immediately
"1,110 €/m","block of flats, 66 m²",3h+kt,"Espoo
    , Sepänkylä 
 
    , Peuraniitty 1 E",Available on agreement
"1,105 €/m","block of flats, 65 m²",3h+kt,"Espoo
    , Sepänkylä 
 
    , Peuraniitty 1 D",Available on agreement
850 €/m,"block of flats, 40 m²",2h+tk,"Espoo
    , Vermonniitty 
 
    , Perilänniitty 2",Available immediately
"2,206 €/m","block of flats, 65 m²","3h, k, kph, wc, p","Espoo
    , Perkkaa 
 
    , Kirjurinkuja 1",Available from 12/1/21
660 €/m,"block of flats, 32.5 m²",1h+kt+alk,"Espoo
    , Kivenlahti 
 
    , Marinportti 3",Available immediately
"1,050 €/m","block of flats, 60.5 m²",3h+kt,"Espoo
    , Kivenlahti 
 
    , Marinportti 3",Available immediately
"1,050 €/m","block of flats, 60.5 m²",3h+kt,"Espoo
    , Kivenlahti 
 
    , Marinportti 3",Available immediately
"1,020 €/m","block of flats, 60.5 m²",3h+kt,"Espoo
    , Kivenlahti 
 
    , Marinportti 3",Available immediately
"1,020 €/m","block of flats, 60.5 m²",3h+kt,"Espoo
    , Kivenlahti 
 
    , Marinportti 3",Available immediately
820 €/m,"block of flats, 43.5 m²",2h+kt,"Espoo
    , Kivenlahti 
 
    , Marinportti 3",Available immediately
"1,020 €/m","block of flats, 60.5 m²",3h+kt,"Espoo
    , Kivenlahti 
 
    , Marinportti 3",Available immediately
"1,050 €/m","block of flats, 60.5 m²",3h+kt,"Espoo
    , Kivenlahti 
 
    , Marinportti 3",Available immediately
660 €/m,"block of flats, 32.5 m²",1h+kt+alk,"Espoo
    , Kivenlahti 
 
    , Marinportti 3",Available immediately
"1,106 €/m","block of flats, 14 m²","1h, kph, yhteistilat","Espoo
    , Leppävaara 
 
    , Porarinkatu 1",Available from 12/29/21
885 €/m,"block of flats, 48.5 m²",2h+kt,"Espoo
    , Matinkylä 
 
    , Etuniementie 1 A-B",Available immediately
859 €/m,"block of flats, 48.5 m²",2h+kt,"Espoo
    , Matinkylä 
 
    , Etuniementie 1 A-B",Available immediately
885 €/m,"block of flats, 48 m²",2h+kt,"Espoo
    , Matinkylä 
 
    , Etuniementie 1 F-G",Available immediately
"1,836 €/m","block of flats, 44 m²","2h, k, kph, wc, p","Espoo
    , Leppävaara 
 
    , Nikkarinkuja 5",Available immediately
956 €/m,"block of flats, 56 m²",2H+K,"Espoo
    , Karakallio 
 
    , Kalasääksentie 6",Available immediately
755 €/m,"block of flats, 34.5 m²",1h+kk,"Espoo
    , Tuomarila 
 
    , Ratalaaksonkuja 14",Available immediately
795 €/m,"block of flats, 35.5 m²",1h+tk,"Espoo
    , Vermonniitty 
 
    , Perilänniitty 2",Available immediately
938 €/m,"block of flats, 58.5 m²",2H+K,"Espoo
    , Kivenlahti 
 
    , Jälkimaininki 4",Available immediately
985 €/m,"block of flats, 55.5 m²",2 h+kk+s,"Espoo
    , Suurpelto 
 
    , Piilipuuntie 21 E",Available immediately
780 €/m,"block of flats, 38.5 m²",1h+kt,"Espoo
    , Ymmersta 
 
    , Ullanmäentie 14",Available immediately
785 €/m,"block of flats, 32.5 m²",1h+tk,"Espoo
    , Vermonniitty 
 
    , Perilänniitty 2",Available immediately
850 €/m,"block of flats, 40 m²",2h+tk,"Espoo
    , Vermonniitty 
 
    , Perilänniitty 2",Available immediately
760 €/m,"block of flats, 29.5 m²",1h+kt,"Espoo
    , Vermonniitty 
 
    , Perilänniitty 3 A",Available on agreement
"1,100 €/m","block of flats, 65 m²",3h+kt,"Espoo
    , Sepänkylä 
 
    , Peuraniitty 1 E",Available on agreement
"1,523 €/m","block of flats, 50 m²","2h, k, kph, s, wc","Espoo
    , Leppävaara 
 
    , Porarinkatu 3",Available immediately
"1,115 €/m","block of flats, 66 m²",3h+kt,"Espoo
    , Sepänkylä 
 
    , Peuraniitty 1 E",Available on agreement
720 €/m,"block of flats, 32.5 m²",1h+kt,"Espoo
    , Sepänkylä 
 
    , Peuraniitty 1 D",Available on agreement
720 €/m,"block of flats, 32 m²",1h+kt,"Espoo
    , Sepänkylä 
 
    , Peuraniitty 1 D",Available on agreement
"1,105 €/m","block of flats, 65 m²",3h+k,"Espoo
    , Sepänkylä 
 
    , Peuraniitty 1 D",Available on agreement
"1,095 €/m","block of flats, 65 m²",3h+k,"Espoo
    , Sepänkylä 
 
    , Peuraniitty 1 D",Available on agreement
850 €/m,"block of flats, 43 m²",2h+kk,"Espoo
    , Tuomarila 
 
    , Ratalaaksonkuja 14",Available immediately
795 €/m,"block of flats, 36 m²",1h+tk,"Espoo
    , Vermonniitty 
 
    , Perilänniitty 2",Available immediately
"2,025 €/m","block of flats, 71 m²","3h, k, wc, p","Espoo
    , Karakallio 
 
    , Karakalliontie 5",
940 €/m,"block of flats, 49 m²",2h+kt+s,"Espoo
    , Espoon keskus 
 
    , Suviniitynkatu 1",Available immediately
795 €/m,"block of flats, 36 m²",1h+tk,"Espoo
    , Vermonniitty 
 
    , Perilänniitty 2",Available immediately
650 €/m,"block of flats, 32 m²",1h+kt+alk.,"Espoo
    , Vermonniitty 
 
    , Kaarlo Sarkian katu 8",Available immediately
870 €/m,"block of flats, 39 m²",2h+kt+lasitettu parveke,"Espoo
    , Olari 
 
    , Puolikuu 2 A17",Available immediately
"1,400 €/m","block of flats, 54 m²",2h + kph + parveke,"Espoo
    , Tapiola 
 
    , Itäranta 11",Available from 3/1/22
785 €/m,"block of flats, 38.5 m²",1h+kt,"Espoo
    , Ymmersta 
 
    , Ullanmäentie 14",Available immediately
"1,670 €/m","block of flats, 44 m²","2h, ak, kph, p","Espoo
    , Tapiola 
 
    , Elosalamantie 2",Available immediately